0	0	0.979725911	0.001498213	0.018775876
0	0	0.991159896	0.000977043	0.00786306
0	0	0.991987603	0.000150636	0.007861761
0	0	0.996669231	0.000733608	0.002597161
0	0	0.995587195	0.000710585	0.00370222
0	0	0.952098877	0.003606252	0.044294871
0	0	0.987520915	0.000225756	0.012253329
0	0	0.995421552	0.00045963	0.004118818
0	0	0.962773355	0.000237739	0.036988906
0	0	0.993249443	0.000296675	0.006453882
0	0	0.995593006	0.000314975	0.004092019
0	0	0.997607842	0.000468631	0.001923527
0	0	0.898997833	0.003137984	0.097864182
0	0	0.997718283	0.000105101	0.002176615
0	0	0.928784515	0.000943251	0.070272234
0	0	0.934853618	0.009889662	0.05525672
0	0	0.933512317	0.001697496	0.064790187
0	0	0.972214592	0.008932324	0.018853085
0	0	0.748035354	0.002516704	0.249447941
0	0	0.81740251	0.0015007	0.18109679
0	0	0.855479639	0.001532135	0.142988226
0	0	0.997701684	0.000171865	0.002126451
0	0	0.810855671	0.000438362	0.188705967
0	0	0.978004577	0.000232356	0.021763067
0	0	0.991105895	0.000291016	0.00860309
0	0	0.99709542	0.000171726	0.002732854
0	0	0.951732031	0.000512981	0.047754988
0	0	0.971767655	0.001013304	0.02721904
0	0	0.998844993	0.000111069	0.001043937
0	0	0.99888855	0.000141641	0.000969808
0	0	0.923762094	0.000622915	0.075614992
0	0	0.96383827	0.000729441	0.035432289
0	0	0.996879078	1.89762E-05	0.003101945
0	2	0.00756667	0.004660175	0.987773155
0	2	0.398927299	0.001162972	0.599909729
0	0	0.987237486	0.000556722	0.012205792
0	0	0.997756941	0.000143117	0.002099942
0	0	0.923472699	0.000875501	0.0756518
0	0	0.993136644	0.000498012	0.006365344
0	0	0.954665834	0.000701707	0.044632459
0	0	0.964708378	0.005073982	0.03021764
0	0	0.953962767	0.000518469	0.045518764
0	0	0.996911679	0.000835322	0.002252999
0	0	0.932687693	0.002410828	0.064901479
0	0	0.994209198	0.000785251	0.005005552
0	0	0.911188147	0.000360793	0.08845106
0	0	0.907181776	0.001125517	0.091692707
0	0	0.995238111	0.001267418	0.003494471
0	0	0.945858755	0.00071013	0.053431115
0	0	0.988456414	0.001082686	0.010460901
0	0	0.996042075	0.000197659	0.003760265
0	0	0.962803037	0.000439222	0.036757742
0	0	0.998375596	9.43098E-05	0.001530095
0	0	0.994614818	0.000268248	0.005116935
0	0	0.989438152	0.000307137	0.010254712
0	0	0.918362595	0.000755325	0.08088208
0	0	0.856854542	0.037576099	0.10556936
0	0	0.886002192	0.001107184	0.112890624
0	0	0.891781771	0.000983361	0.107234867
0	0	0.964830049	0.000921136	0.034248815
0	0	0.965722394	0.000402636	0.033874971
0	0	0.986245259	0.000460844	0.013293897
0	0	0.999390256	7.02669E-05	0.000539477
0	0	0.996815063	0.000417933	0.002767004
0	0	0.872574358	0.002546317	0.124879325
0	0	0.961843115	0.000682735	0.03747415
0	0	0.83504571	0.033404361	0.131549929
0	0	0.999043932	7.73588E-05	0.000878709
0	0	0.991745834	0.00029068	0.007963486
0	0	0.86055187	0.000503724	0.138944406
0	0	0.987838731	0.000374007	0.011787262
0	0	0.9939612	0.000141479	0.005897321
0	0	0.796422704	0.001301907	0.202275389
0	0	0.952358872	0.000457738	0.04718339
0	0	0.976046882	0.001441971	0.022511147
0	0	0.999486653	0.000295804	0.000217543
0	0	0.993367447	0.000192088	0.006440464
0	0	0.967493504	0.027924619	0.004581877
0	0	0.998327309	0.000145116	0.001527575
0	0	0.770934689	0.006904019	0.222161292
0	2	0.55073667	0.000652044	0.448611286
0	0	0.980851539	0.000330325	0.018818136
0	0	0.989440585	0.000259458	0.010299957
0	0	0.998788064	6.96371E-05	0.001142299
0	0	0.803278996	0.002382385	0.194338619
0	0	0.999337589	2.40215E-05	0.000638389
0	0	0.984393391	0.000627963	0.014978646
0	0	0.998977425	8.77233E-05	0.000934851
0	0	0.940279036	0.000464393	0.059256571
0	0	0.999255289	0.000138902	0.000605809
0	0	0.993773483	0.000327361	0.005899156
0	0	0.957200527	0.000439118	0.042360355
0	0	0.909688251	0.002235583	0.088076166
0	0	0.999843988	1.79979E-05	0.000138014
0	0	0.992495215	0.001285082	0.006219703
0	0	0.973639981	0.000358847	0.026001172
0	0	0.987718886	0.000621884	0.01165923
0	0	0.928504971	0.000601743	0.070893286
0	0	0.974635589	0.000660448	0.024703962
0	0	0.971982168	0.000784615	0.027233217
0	0	0.996455675	0.000299035	0.00324529
0	0	0.840266156	0.000413217	0.159320627
0	0	0.947114653	0.000990466	0.051894881
0	0	0.88398791	0.001332349	0.114679741
0	0	0.920594459	0.000793914	0.078611627
0	0	0.961225868	0.000563668	0.038210464
0	0	0.890417732	0.000991031	0.108591237
0	0	0.96521805	0.000968656	0.033813294
0	0	0.827817091	0.001400168	0.170782741
0	2	0.134416595	0.021506257	0.844077148
0	0	0.936406266	0.000975944	0.06261779
0	0	0.727008874	0.003121578	0.269869547
0	0	0.975942186	0.000574189	0.023483625
0	0	0.956106163	0.000480402	0.043413435
0	0	0.979103545	0.000514756	0.020381699
0	0	0.990050369	0.000296756	0.009652875
0	0	0.975367828	0.002084887	0.022547285
0	0	0.9696933	0.009862896	0.020443804
0	0	0.960122235	0.000225003	0.039652762
0	0	0.516506037	0.117693875	0.365800088
0	0	0.992576958	0.000295941	0.007127101
0	0	0.934818206	0.000450027	0.064731767
0	0	0.798888961	0.001609497	0.199501542
0	0	0.989416456	0.000259089	0.010324455
0	0	0.964996942	0.000823596	0.034179462
0	0	0.91403123	0.002149348	0.083819421
0	0	0.87530868	0.002843048	0.121848272
0	0	0.989822534	0.0003003	0.009877166
0	0	0.989602282	0.000262633	0.010135085
0	0	0.987349125	0.000563958	0.012086918
0	0	0.949891936	0.000727929	0.049380135
0	0	0.93608568	0.001567853	0.062346467
0	0	0.978158356	0.00054666	0.021294984
0	0	0.98660717	0.000478056	0.012914774
0	0	0.998365865	0.000590385	0.00104375
0	0	0.986054528	0.001391819	0.012553652
0	0	0.907462941	0.000852615	0.091684444
0	0	0.899441677	0.001760634	0.098797689
0	0	0.942717813	0.000639267	0.05664292
0	0	0.97131501	0.014925197	0.013759794
0	0	0.738316979	0.028348475	0.233334546
0	0	0.997137973	3.45375E-05	0.002827489
0	1	0.164391994	0.82654452	0.009063486
0	0	0.985229098	0.000603068	0.014167834
0	0	0.910124646	0.002135032	0.087740322
0	0	0.712630566	0.001034236	0.286335198
0	0	0.999347486	0.000209298	0.000443216
0	0	0.980189675	0.00125891	0.018551416
0	0	0.995083816	0.000254266	0.004661918
0	0	0.964790357	0.000680254	0.034529389
0	0	0.953681704	0.023687085	0.022631211
0	0	0.925909854	0.000576072	0.073514075
0	0	0.942962639	0.0005438	0.056493561
0	0	0.980977113	0.012383304	0.006639583
0	0	0.994504178	0.000203568	0.005292254
0	2	0.170689567	0.002358549	0.826951884
0	0	0.95412158	0.000579141	0.045299279
0	0	0.956692255	0.001244186	0.042063558
0	0	0.998965169	9.3801E-05	0.00094103
0	0	0.973641563	0.00043511	0.025923327
0	0	0.985551732	0.000439245	0.014009023
0	0	0.996315574	0.000222365	0.003462061
0	0	0.884712201	0.000892224	0.114395575
0	0	0.991492787	0.001593466	0.006913746
0	0	0.990003734	0.002204959	0.007791308
0	0	0.988907301	0.000318001	0.010774698
0	0	0.992979948	0.002793822	0.004226231
0	0	0.997042726	0.000162382	0.002794892
0	0	0.983460375	0.000353129	0.016186497
0	0	0.979235106	0.00046995	0.020294943
0	0	0.975929601	0.000713545	0.023356854
0	0	0.508459748	0.001696701	0.48984355
0	0	0.8613932	0.025983223	0.112623577
0	0	0.98896673	0.000344852	0.010688418
0	0	0.991448389	0.001332247	0.007219364
0	0	0.904965299	0.01257608	0.082458621
0	0	0.998191267	9.33355E-05	0.001715398
0	0	0.987582646	0.000589465	0.011827889
0	2	0.136789041	0.009459693	0.853751266
0	0	0.975424971	0.000301819	0.024273209
0	0	0.994449002	0.000374707	0.005176291
0	1	0.001153148	0.988902588	0.009944263
0	0	0.997667332	0.00090703	0.001425639
0	0	0.872010143	0.001507724	0.126482133
0	0	0.998906271	8.68442E-05	0.001006885
0	0	0.844773901	0.001838351	0.153387748
0	0	0.964151913	0.003911609	0.031936478
0	0	0.918077284	0.0010981	0.080824616
0	0	0.801463174	0.002923668	0.195613158
0	0	0.984166581	0.00041296	0.01542046
0	0	0.979359479	0.000563042	0.02007748
0	0	0.98603561	0.001724595	0.012239794
0	0	0.996096022	0.000202087	0.003701891
0	0	0.990748636	0.000266325	0.008985039
0	0	0.959816717	0.001583666	0.038599617
0	0	0.258148899	0.658218238	0.083632863
0	0	0.903624184	0.000886578	0.095489238
0	0	0.971025525	0.000521499	0.028452976
0	0	0.636095302	0.250422226	0.113482472
0	0	0.992221944	0.000335259	0.007442798
0	2	0.106885623	0.306328887	0.58678549
0	0	0.342302701	0.588746345	0.068950954
0	0	0.970395978	0.000247809	0.029356213
0	0	0.997335609	0.000379799	0.002284592
0	0	0.993132774	0.000242796	0.00662443
0	0	0.955873894	0.000584105	0.043542
0	0	0.997628306	0.000142186	0.002229508
0	1	0.000677003	0.984979158	0.014343839
0	0	0.930779052	0.000899624	0.068321324
0	0	0.846362262	0.001079338	0.1525584
0	0	0.99765497	0.000255357	0.002089673
0	0	0.923015478	0.000755214	0.076229308
0	0	0.517213564	0.126919861	0.355866575
0	0	0.887941298	0.001493475	0.110565227
0	0	0.993940848	0.000224715	0.005834437
0	0	0.999835417	2.95459E-05	0.000135037
0	0	0.993231501	0.000204081	0.006564417
0	0	0.96248171	0.000643982	0.036874309
0	0	0.988766838	0.000459994	0.010773167
0	0	0.915660423	0.001339164	0.083000413
0	2	0.377877078	0.026463567	0.595659355
0	0	0.995985974	0.000618247	0.003395779
0	0	0.927015201	0.000667023	0.072317776
0	0	0.952705865	0.000206699	0.047087436
0	0	0.839960387	0.001015676	0.159023936
0	0	0.926868121	0.000528513	0.072603366
0	0	0.988163947	0.000254094	0.011581959
0	0	0.996404573	0.000219556	0.003375871
0	0	0.973605908	0.000549364	0.025844727
0	0	0.949170525	0.000980972	0.049848503
0	0	0.999743396	2.06694E-05	0.000235934
0	0	0.838753467	0.000517998	0.160728535
0	0	0.587021043	0.001128355	0.411850602
0	0	0.833796251	0.001493301	0.164710448
0	0	0.999019702	0.0007642	0.000216098
0	0	0.992003694	0.000132845	0.007863461
0	0	0.977506404	0.00037973	0.022113866
0	0	0.994755499	0.000257689	0.004986813
0	0	0.448139347	0.003625544	0.548235109
0	0	0.983271257	0.000354902	0.016373841
0	0	0.994567237	0.00010033	0.005332434
0	0	0.630256697	0.028489261	0.341254042
0	0	0.991239853	0.001075254	0.007684894
0	0	0.426948133	0.000408838	0.57264303
0	0	0.939194299	0.000753009	0.060052692
0	0	0.937115737	0.000854966	0.062029296
0	2	0.368559932	0.011759993	0.619680075
0	0	0.995524662	0.000150089	0.00432525
0	0	0.986656294	0.000214729	0.013128977
0	0	0.807925993	0.004387986	0.18768602
0	0	0.48381445	0.002659137	0.513526413
0	0	0.979911932	0.002488706	0.017599363
0	0	0.807270805	0.002722523	0.190006671
0	0	0.988261458	0.000254628	0.011483914
0	0	0.999341089	5.69146E-05	0.000601996
0	0	0.874122128	0.000802054	0.125075818
0	0	0.987726601	0.000283004	0.011990395
0	0	0.895982471	0.013211938	0.09080559
0	0	0.813109798	0.006383817	0.180506385
0	0	0.983670824	0.000627125	0.015702051
0	0	0.704062537	0.001647019	0.294290444
0	0	0.982233795	0.000274454	0.01749175
0	0	0.99802658	0.000216293	0.001757127
0	0	0.977076523	0.000350241	0.022573236
0	0	0.99488017	0.000497392	0.004622438
0	0	0.952603384	0.001357166	0.04603945
0	0	0.93660202	0.001067008	0.062330972
0	0	0.943442426	0.001259652	0.055297923
0	0	0.740620789	0.007112037	0.252267174
0	0	0.945191932	0.000813254	0.053994814
0	0	0.987422241	0.000480272	0.012097487
0	0	0.999748492	4.47888E-05	0.000206719
0	0	0.999316748	9.99957E-05	0.000583257
0	0	0.995620997	0.00010365	0.004275353
0	0	0.992124429	7.61575E-05	0.007799413
0	0	0.990536269	0.000283554	0.009180177
0	0	0.962455197	0.000534827	0.037009977
0	0	0.999033821	9.7178E-05	0.000869001
0	0	0.965195979	0.00045989	0.034344132
0	0	0.88139614	0.001224959	0.117378901
0	0	0.99465524	0.00016636	0.0051784
0	0	0.890470058	0.021335012	0.08819493
0	0	0.995507595	0.00012769	0.004364714
0	0	0.974581609	0.000344972	0.025073418
0	0	0.97299255	0.000683572	0.026323878
0	0	0.993753069	0.000291589	0.005955343
0	0	0.92450471	0.001280894	0.074214396
0	0	0.946165544	0.002312011	0.051522445
0	0	0.98216105	0.000306467	0.017532482
0	2	0.104004985	0.052344079	0.843650936
0	0	0.961668176	0.00046901	0.037862814
0	0	0.982688688	0.000338847	0.016972466
0	0	0.96900493	0.000863613	0.030131457
0	0	0.997844866	0.00010481	0.002050324
0	0	0.997673336	0.000186621	0.002140043
0	0	0.996838691	0.000817004	0.002344305
0	0	0.985352541	0.000403976	0.014243483
0	0	0.999226987	6.02581E-05	0.000712755
0	0	0.981770944	0.000292193	0.017936864
0	0	0.959178327	0.001132556	0.039689117
0	0	0.942275397	0.01446161	0.043262992
0	0	0.55809756	0.019045556	0.422856884
0	0	0.919244195	0.001041281	0.079714524
0	0	0.680009406	0.001750334	0.31824026
0	0	0.988085597	0.000159513	0.01175489
0	0	0.994418754	0.000310571	0.005270675
0	0	0.970288963	0.000478162	0.029232875
0	0	0.919729295	0.000649586	0.07962112
0	0	0.638173489	0.010993566	0.350832946
0	0	0.907820026	0.001662207	0.090517767
0	0	0.999875347	1.46639E-05	0.00010999
0	0	0.961142957	0.0007224	0.038134644
0	0	0.992406495	0.000415419	0.007178086
0	0	0.998522138	0.000144003	0.001333859
0	0	0.977187449	0.0011653	0.021647252
0	0	0.957807931	0.000714728	0.041477341
0	0	0.981299589	0.001028476	0.017671935
0	0	0.999431761	6.77715E-05	0.000500467
0	0	0.996258373	0.000372658	0.003368969
0	0	0.795842096	0.001483495	0.202674409
0	0	0.997311711	0.000133516	0.002554773
0	0	0.959036174	0.000841667	0.04012216
0	2	0.202265627	0.001270464	0.79646391
0	0	0.934536989	0.001131395	0.064331616
0	0	0.600966112	0.001834439	0.39719945
0	0	0.706823276	0.003698327	0.289478397
0	0	0.987285222	0.003040613	0.009674165
0	0	0.933334159	0.000539757	0.066126085
0	2	0.162700641	0.047789787	0.789509571
0	2	0.054465858	0.000166356	0.945367786
0	0	0.988644838	0.000243056	0.011112106
0	0	0.903633344	0.001618377	0.094748279
0	0	0.999053837	9.74134E-05	0.000848749
0	0	0.997225717	0.000130325	0.002643958
0	0	0.965803776	0.002086443	0.032109781
0	0	0.992401395	0.000141795	0.00745681
0	0	0.995801893	0.000225001	0.003973107
0	0	0.994459324	0.000497181	0.005043495
0	0	0.988351308	0.000324535	0.011324157
0	0	0.719600499	0.001431748	0.278967753
0	0	0.950034725	0.000483791	0.049481484
0	0	0.997198202	0.000812166	0.001989632
0	0	0.995038995	0.000207501	0.004753504
0	0	0.996228959	0.000710545	0.003060496
0	0	0.991490486	0.000785692	0.007723822
0	0	0.992340205	0.000699889	0.006959906
0	0	0.989174198	0.000584073	0.010241729
0	0	0.992698693	0.000310282	0.006991025
0	2	0.502707426	0.007389118	0.489903456
0	0	0.788667322	0.00521555	0.206117127
0	0	0.994393123	0.000831215	0.004775662
0	0	0.978124935	0.000497598	0.021377467
0	0	0.967338677	0.000635304	0.032026019
0	0	0.994955818	0.000180974	0.004863208
0	0	0.578296379	0.007695121	0.4140085
0	1	0.0093342	0.985633964	0.005031837
0	0	0.824674507	0.000971308	0.174354184
0	0	0.968469815	0.001813244	0.029716942
0	0	0.982988641	0.000484323	0.016527036
0	0	0.935696267	0.000494945	0.063808788
0	0	0.973681455	0.000409706	0.025908839
0	2	0.408490029	0.00101123	0.590498741
0	0	0.977184731	0.000414939	0.022400331
0	2	0.005019839	0.00240993	0.992570231
0	0	0.992381463	0.000857965	0.006760572
0	0	0.780098566	0.000956495	0.218944939
0	2	0.188409082	0.000795659	0.810795259
0	0	0.747475016	0.000783959	0.251741025
0	0	0.990127984	0.000364961	0.009507056
0	2	0.476788204	0.001626731	0.521585065
0	0	0.914854899	0.007397673	0.077747428
0	0	0.212103315	0.001175829	0.786720856
0	0	0.998766399	5.5951E-05	0.00117765
0	0	0.994766582	0.000136642	0.005096776
0	0	0.872301836	0.001287543	0.126410621
0	0	0.99804662	0.000358976	0.001594404
0	0	0.757166574	0.002870779	0.239962647
0	0	0.542411184	0.404893616	0.052695199
0	2	0.061623467	0.001320807	0.937055726
0	0	0.895313462	0.000281922	0.104404616
0	0	0.913271921	0.000600156	0.086127923
0	0	0.987225972	0.000321808	0.012452221
0	0	0.899592837	0.000958431	0.099448732
0	0	0.85392274	0.001409367	0.144667893
0	0	0.762105117	0.001717182	0.236177702
0	0	0.993346951	0.000204985	0.006448064
0	0	0.947672077	0.000131784	0.052196139
0	0	0.94587369	0.000897008	0.053229302
0	2	0.147927083	0.001662163	0.850410754
0	0	0.71196263	0.01332478	0.27471259
0	0	0.95364444	0.000440604	0.045914956
0	0	0.997678557	0.000157069	0.002164374
0	0	0.996818411	0.000150359	0.00303123
0	0	0.981968249	0.000499204	0.017532547
0	2	0.007712199	0.000208192	0.992079609
0	0	0.521718732	0.01244761	0.465833659
0	0	0.937899464	0.002214536	0.059886
0	2	0.253893779	0.032796309	0.713309912
0	0	0.678595327	0.024347398	0.297057275
0	0	0.965096855	0.006351103	0.028552042
0	0	0.981447699	0.000473705	0.018078597
0	0	0.901962252	0.002389951	0.095647798
0	0	0.998494199	0.000101769	0.001404032
0	0	0.877528876	0.000679709	0.121791414
0	0	0.99580984	0.002140536	0.002049624
0	0	0.876766209	0.007944981	0.115288811
0	0	0.997694107	0.000119295	0.002186598
0	0	0.99729124	0.000110498	0.002598262
0	0	0.998526589	0.000150571	0.00132284
0	0	0.994608752	0.001527068	0.00386418
0	0	0.931573453	0.000510316	0.067916231
0	0	0.96121763	7.22589E-05	0.038710111
0	0	0.897833222	0.003120784	0.099045994
0	2	0.179591432	0.019790152	0.800618416
0	0	0.853893564	0.001008845	0.14509759
0	0	0.994557465	0.000737196	0.004705339
0	0	0.952500567	0.000483304	0.047016129
0	0	0.992637778	0.000323928	0.007038294
0	0	0.709029777	0.001110375	0.289859848
0	0	0.980521462	0.00038052	0.019098018
0	0	0.947751348	0.001035715	0.051212937
0	0	0.936571528	0.000498289	0.062930182
0	0	0.876172496	0.001406864	0.12242064
0	0	0.997334393	0.000135185	0.002530422
0	0	0.990418224	0.000269558	0.009312218
0	0	0.987842714	0.00029904	0.011858246
0	0	0.948028366	0.000358074	0.05161356
0	0	0.951879394	0.000515581	0.047605026
0	0	0.990135718	0.000150535	0.009713746
0	0	0.991840161	0.00105439	0.007105449
0	0	0.999387678	3.54633E-05	0.000576859
0	0	0.98666256	0.000242471	0.013094969
0	0	0.97882321	0.001001652	0.020175138
0	0	0.936702042	0.000729253	0.062568705
0	0	0.948302302	0.000868379	0.050829319
0	0	0.996884427	0.000120601	0.002994972
0	0	0.921898974	0.000635296	0.07746573
0	0	0.962506637	0.000477706	0.037015656
0	0	0.811063893	0.163113591	0.025822516
0	0	0.916391138	0.00070818	0.082900681
0	0	0.997934212	2.67315E-05	0.002039057
0	0	0.924781321	0.00058758	0.074631099
0	0	0.558559004	0.001887136	0.439553861
0	0	0.943155154	0.001392124	0.055452722
0	0	0.991142015	0.000278638	0.008579347
0	0	0.988229196	0.000642245	0.011128559
0	0	0.998971839	0.000255005	0.000773157
0	0	0.963971657	0.001289381	0.034738962
0	0	0.948453711	0.000413141	0.051133149
0	0	0.999158799	0.000170335	0.000670866
0	0	0.93418633	0.006876267	0.058937403
0	0	0.997920122	0.000245925	0.001833952
0	0	0.992641074	0.000244894	0.007114032
0	0	0.976913488	0.001151192	0.021935319
0	0	0.987752591	0.000583117	0.011664292
0	0	0.99464545	0.000319687	0.005034863
0	0	0.99088235	0.000583329	0.008534321
0	0	0.949086842	0.000522777	0.050390381
0	0	0.95971118	0.000561767	0.039727053
0	0	0.950772319	0.000523025	0.048704656
0	0	0.980588526	0.000170291	0.019241183
0	0	0.908942068	0.000790082	0.09026785
0	0	0.897746405	0.00017045	0.102083145
0	0	0.959048395	0.000760668	0.040190938
0	0	0.863858386	0.001150514	0.1349911
0	0	0.627438408	0.053863093	0.318698499
0	0	0.968758775	0.001577775	0.02966345
0	2	0.072046527	0.003583759	0.924369715
0	0	0.973729326	0.000350194	0.025920479
0	0	0.64409627	0.044139197	0.311764533
0	0	0.950802526	0.000946965	0.04825051
0	0	0.953802214	0.00062748	0.045570306
0	0	0.997075418	7.62702E-05	0.002848312
0	0	0.853206299	0.00855231	0.138241391
0	0	0.90609106	0.001211598	0.092697343
0	0	0.991546557	0.000909342	0.007544101
0	0	0.979653866	0.001969145	0.018376989
0	0	0.995976917	0.000388029	0.003635054
0	0	0.935199935	0.000986848	0.063813218
0	0	0.999550765	4.11145E-05	0.00040812
0	0	0.989058172	0.000107137	0.010834691
0	0	0.964386268	0.000995104	0.034618628
0	0	0.948073328	0.001504457	0.050422215
0	0	0.948716678	0.003550932	0.04773239
0	0	0.949270299	0.000611032	0.050118669
0	0	0.991195108	0.000290896	0.008513996
0	2	0.019273252	0.003793611	0.976933138
0	0	0.983017728	0.000428282	0.01655399
0	0	0.933854168	0.001331918	0.064813913
0	0	0.956689404	0.000607185	0.04270341
0	0	0.772765937	0.000885481	0.226348581
0	0	0.504376969	0.030954672	0.464668359
0	0	0.862089377	0.000721703	0.13718892
0	2	0.003409948	0.000440783	0.996149269
0	0	0.982265387	0.003174854	0.014559759
0	2	0.027664337	0.006547898	0.965787765
0	0	0.702040387	0.027859971	0.270099642
0	0	0.958523763	0.000409669	0.041066568
0	0	0.997255879	0.000166911	0.00257721
0	0	0.970458519	0.00022738	0.029314101
0	0	0.982536091	0.000436284	0.017027626
0	0	0.719608546	0.027740887	0.252650567
0	0	0.222942665	0.091717631	0.685339703
0	0	0.926636451	0.000640287	0.072723262
0	0	0.954351181	0.0006682	0.044980619
0	0	0.992880303	0.000300716	0.006818981
0	0	0.839818546	0.001755732	0.158425722
0	0	0.983264544	0.000297744	0.016437712
0	0	0.992538921	0.000227266	0.007233813
0	0	0.515243111	0.000633965	0.484122924
0	0	0.623961465	0.000752457	0.375286078
0	0	0.995415307	0.000234326	0.004350366
0	0	0.986250602	0.002256716	0.011492682
0	0	0.664678904	0.001099553	0.334221542
0	0	0.618019702	0.001923642	0.380056656
0	0	0.977190284	0.000487523	0.022322193
0	0	0.965911792	0.000442937	0.033645271
0	0	0.856809766	0.034237308	0.108952926
0	0	0.996355939	0.000171805	0.003472256
0	0	0.997417309	0.000398666	0.002184024
0	0	0.996080989	0.000186323	0.003732688
0	0	0.991461385	0.000249195	0.00828942
0	0	0.919111888	0.001558787	0.079329325
0	0	0.994145888	0.000124866	0.005729246
0	2	0.008545674	0.000245545	0.991208781
0	0	0.92970575	0.000666156	0.069628094
0	0	0.959439892	0.000573298	0.039986811
0	0	0.896510633	0.000810106	0.10267926
0	0	0.84425158	0.000914892	0.154833529
0	0	0.721597267	0.001887149	0.276515584
0	0	0.990576314	0.00039518	0.009028506
0	2	0.260149927	0.001470435	0.738379638
0	0	0.906479454	0.000774195	0.092746352
0	0	0.977459456	0.000487364	0.02205318
0	0	0.997004221	0.000151655	0.002844124
0	0	0.957744088	0.000485819	0.041770093
0	0	0.923363205	0.000477841	0.076158954
0	2	0.315421382	0.001568641	0.683009977
0	2	0.466388742	0.007075368	0.52653589
0	0	0.802091056	0.001495442	0.196413501
0	0	0.984779547	0.000226937	0.014993515
0	0	0.888696328	0.010703337	0.100600335
0	2	0.024461632	0.008627941	0.966910427
0	0	0.977314582	0.000404991	0.022280427
0	2	0.08116313	0.000227401	0.918609469
0	0	0.957780195	0.000519088	0.041700716
0	0	0.928872543	0.00165214	0.069475317
0	0	0.939370488	0.00058357	0.060045941
0	0	0.995860677	0.000416407	0.003722916
0	2	0.496572781	0.000507748	0.502919471
0	0	0.9453088	0.001023483	0.053667717
0	0	0.975839245	0.000169297	0.023991458
0	0	0.959243146	0.000533628	0.040223226
0	0	0.952936061	0.00052228	0.046541659
0	0	0.994729435	0.000192294	0.005078271
0	0	0.98751155	0.000615198	0.011873253
0	0	0.982638259	0.001333679	0.016028062
0	0	0.996897286	0.000133647	0.002969067
0	0	0.712236806	0.00112796	0.286635235
0	2	0.593633732	0.001335709	0.405030558
0	0	0.989883036	0.000394036	0.009722928
0	0	0.935567891	0.000497955	0.063934154
0	0	0.924523371	0.000903642	0.074572986
0	0	0.553320417	0.001161761	0.445517822
0	0	0.996030986	0.00016948	0.003799534
0	0	0.921623728	0.001281379	0.077094893
0	2	0.530175361	0.001384734	0.468439905
0	0	0.748582136	0.001362854	0.25005501
0	0	0.882560202	0.001319466	0.116120333
0	0	0.996647017	0.00015923	0.003193753
0	0	0.843908454	0.001104115	0.154987431
0	0	0.993252545	0.000885489	0.005861966
0	0	0.975176836	0.000650586	0.024172577
0	0	0.983577231	0.000353701	0.016069068
0	0	0.888971147	0.000722141	0.110306712
0	0	0.959260615	0.000800005	0.03993938
0	0	0.878240212	0.000671474	0.121088314
0	0	0.938084589	0.000605585	0.061309826
0	0	0.947423793	0.002354543	0.050221665
0	0	0.941724542	0.001134977	0.057140481
0	0	0.99899727	0.000147896	0.000854834
0	0	0.98691683	0.000319719	0.012763452
0	0	0.964320897	0.000515058	0.035164045
0	2	0.147784482	0.004406827	0.847808691
0	0	0.8239318	0.001679318	0.174388882
0	0	0.851824484	0.000475913	0.147699603
0	2	0.010369929	0.00021867	0.9894114
0	0	0.99366007	0.000273349	0.006066581
0	2	0.207939259	0.005046758	0.787013983
0	0	0.968607791	9.0905E-05	0.031301304
0	0	0.996440586	0.000168873	0.003390541
0	0	0.990784548	0.000242658	0.008972794
0	0	0.960760146	0.00421616	0.035023694
0	0	0.95077123	0.000592309	0.048636461
0	0	0.978758556	0.000380368	0.020861075
0	2	0.082118488	0.000280036	0.917601476
0	0	0.94901936	0.000664334	0.050316306
0	0	0.737974078	0.000950667	0.261075255
0	0	0.997932338	9.73625E-05	0.001970299
0	0	0.881985181	0.000897605	0.117117213
0	0	0.946456828	0.001110739	0.052432433
0	0	0.952954009	0.001228466	0.045817524
0	2	0.003927427	0.000234543	0.995838029
0	0	0.868967409	0.00098433	0.130048261
0	0	0.888263715	0.000175603	0.111560682
0	0	0.863767732	0.012192291	0.124039976
0	0	0.879467937	0.001520923	0.119011141
0	0	0.991577701	0.000947051	0.007475248
0	0	0.974808676	0.001018205	0.024173119
0	0	0.835970226	0.001202007	0.162827767
0	0	0.895161723	7.48855E-05	0.104763392
0	0	0.993579675	0.000779591	0.005640734
0	2	0.148060224	0.001359231	0.850580545
0	0	0.939626016	0.000665033	0.059708951
0	0	0.948543253	0.000634846	0.050821901
0	0	0.913118711	0.000862488	0.086018802
0	0	0.948369222	0.000823282	0.050807496
0	0	0.973473823	0.000440904	0.026085274
0	0	0.999047196	7.53209E-05	0.000877483
0	0	0.96961557	0.004337507	0.026046924
0	0	0.999508702	2.10693E-05	0.000470229
0	0	0.994432602	0.000262809	0.005304589
0	0	0.960642608	0.001337768	0.038019624
0	0	0.962969458	0.000951155	0.036079387
0	0	0.773214674	0.00039588	0.226389445
0	0	0.946541827	0.000615707	0.052842467
0	0	0.967250078	0.001124633	0.031625289
0	0	0.95042237	0.000988177	0.048589453
0	0	0.997561072	0.000202425	0.002236503
0	0	0.954029868	0.000366153	0.045603979
0	0	0.755694278	0.001117213	0.243188509
0	0	0.950251081	0.000611235	0.049137684
0	0	0.841125426	0.001356409	0.157518165
0	0	0.975289816	0.0004282	0.024281984
0	0	0.999196857	1.08689E-05	0.000792274
0	2	0.237337786	0.002308007	0.760354206
0	0	0.996645686	0.000415237	0.002939076
0	0	0.413835819	0.002941352	0.583222829
0	0	0.984773671	0.002813732	0.012412597
0	0	0.992240322	6.77972E-05	0.007691881
0	0	0.785748075	0.001540545	0.21271138
0	0	0.991850633	0.000448195	0.007701172
0	0	0.947558791	0.000682692	0.051758516
0	0	0.976778395	0.000366836	0.022854769
0	0	0.958713203	0.000649269	0.040637528
0	2	0.077325225	0.001619343	0.921055433
0	0	0.888507052	0.003739839	0.107753109
0	0	0.993485074	0.000170865	0.006344061
0	0	0.988382627	0.000374101	0.011243272
0	0	0.981618271	0.000422529	0.0179592
0	0	0.974484184	0.000311676	0.025204141
0	0	0.924972982	0.000425226	0.074601792
0	0	0.975193063	0.002025741	0.022781196
0	0	0.712182177	0.010896414	0.276921409
0	0	0.992198211	0.000270826	0.007530963
0	0	0.960025968	0.000503264	0.039470767
0	0	0.799997109	0.000962432	0.199040459
0	0	0.958293379	0.001070637	0.040635984
0	0	0.87372268	0.005775721	0.120501599
0	0	0.978668281	0.000445434	0.020886286
0	0	0.997505244	0.000145128	0.002349629
0	0	0.982335468	0.000691379	0.016973153
0	0	0.99197464	0.000282295	0.007743065
0	0	0.8528256	0.001065085	0.146109315
0	0	0.988881849	0.001283865	0.009834286
0	0	0.550746007	0.003006491	0.446247502
0	0	0.956792475	0.000529399	0.042678126
0	0	0.966031052	0.000427029	0.033541919
0	0	0.961605692	0.000461951	0.037932357
0	0	0.997266863	4.18534E-05	0.002691284
0	0	0.965171044	0.000489146	0.03433981
0	0	0.923889465	0.000787015	0.07532352
0	2	0.176667532	0.001390648	0.821941821
0	0	0.997514235	7.88007E-05	0.002406965
0	0	0.952914829	0.000502643	0.046582528
0	0	0.971395387	0.001510036	0.027094577
0	0	0.710593029	0.001078639	0.288328332
0	0	0.948367727	0.000508873	0.0511234
0	0	0.750849273	0.000312018	0.248838709
0	0	0.973877598	0.000226476	0.025895925
0	0	0.974659978	0.000364689	0.024975333
0	2	0.03507047	0.582226445	0.382703085
0	0	0.996672806	0.000478893	0.002848301
0	0	0.959534084	0.000932438	0.039533477
0	0	0.996181744	0.000204565	0.003613691
0	0	0.946679487	0.000533744	0.05278677
0	0	0.99966955	3.15881E-05	0.000298861
0	0	0.884335542	0.002137927	0.113526531
0	0	0.716746543	0.02523728	0.258016176
0	0	0.969253048	0.00090767	0.029839282
0	0	0.939444389	0.001333876	0.059221735
0	0	0.891138101	0.003014396	0.105847503
0	0	0.94731644	0.000480914	0.052202646
0	2	0.407647583	0.007123527	0.585228889
0	0	0.997884498	0.000318109	0.001797393
0	0	0.947436177	0.000510972	0.052052851
0	0	0.708670806	0.001500189	0.289829005
0	0	0.951538191	0.000529978	0.047931831
0	0	0.971520379	0.002700568	0.025779053
0	0	0.970253556	0.000581792	0.029164652
0	0	0.975892613	0.000486	0.023621388
0	0	0.990310894	0.000346185	0.009342921
0	0	0.989443653	0.000625529	0.009930818
0	0	0.812399685	0.003737035	0.183863281
0	0	0.952829447	0.00055026	0.046620293
0	0	0.927055843	0.000738831	0.072205326
0	0	0.990551556	0.000340365	0.00910808
0	0	0.998894043	8.08992E-05	0.001025058
0	0	0.998555865	6.39605E-05	0.001380175
0	0	0.916663937	0.000617758	0.082718305
0	0	0.914134777	0.000752374	0.08511285
0	0	0.990674504	0.000172456	0.00915304
0	0	0.998951888	0.000101999	0.000946113
0	0	0.995650194	0.000230454	0.004119352
0	0	0.945231807	0.000500439	0.054267754
0	2	0.241203801	0.011290281	0.747505919
0	0	0.847051923	0.004748183	0.148199894
0	0	0.972461771	0.00040577	0.027132459
0	0	0.951878334	0.000511932	0.047609734
0	0	0.965872414	0.000406217	0.03372137
0	0	0.99309975	0.000635547	0.006264703
0	2	0.012954204	0.000292152	0.986753643
0	0	0.9924005	0.000315161	0.007284339
0	2	0.379421376	0.001800109	0.618778515
0	0	0.893566228	0.000848335	0.105585437
0	0	0.938017406	0.000535994	0.0614466
0	0	0.991062904	0.000133344	0.008803752
0	0	0.498901221	0.000448345	0.500650434
0	0	0.997159364	0.000242977	0.002597659
0	0	0.737497052	0.001152533	0.261350415
0	0	0.828322683	0.001455432	0.170221885
0	0	0.998243233	0.000292438	0.001464329
0	0	0.987932884	0.000170967	0.011896149
0	0	0.932462956	0.001313939	0.066223105
0	0	0.857056432	0.002514323	0.140429245
0	0	0.943768391	0.000659536	0.055572073
0	0	0.910485576	0.002150882	0.087363542
0	0	0.972921844	0.000634831	0.026443325
0	0	0.94554612	0.001344017	0.053109864
0	0	0.919208272	0.000656727	0.080135001
0	0	0.750402564	0.039029189	0.210568247
0	0	0.940120967	0.00054942	0.059329613
0	0	0.99516959	0.000331149	0.004499261
0	0	0.767909542	0.001862039	0.230228419
0	0	0.963487974	0.000521347	0.03599068
0	0	0.990320991	0.000293854	0.009385154
0	0	0.948228134	0.000625312	0.051146554
0	0	0.869785784	0.001557601	0.128656615
0	2	0.450087475	0.011221616	0.538690909
0	0	0.991834483	0.000232319	0.007933198
0	0	0.778428997	0.001207652	0.220363352
0	0	0.96384355	0.001512296	0.034644154
0	0	0.999260771	6.17548E-05	0.000677474
0	0	0.999129356	8.0402E-05	0.000790242
0	0	0.97197677	0.000331553	0.027691677
0	0	0.981928771	0.000481436	0.017589793
0	0	0.991482334	0.000487532	0.008030133
0	0	0.892722451	0.000111903	0.107165646
0	0	0.982733747	0.000533999	0.016732254
0	0	0.924375113	0.001731898	0.073892989
0	2	0.002162713	0.001123741	0.996713546
1	1	6.52975E-05	0.997546362	0.00238834
1	1	2.51065E-05	0.999816683	0.000158211
1	1	0.000237772	0.994616549	0.005145679
1	1	0.000109313	0.997807788	0.002082899
1	1	0.00097673	0.968215866	0.030807404
1	1	0.000252507	0.99663295	0.003114543
1	1	3.45875E-05	0.999283437	0.000681976
1	1	8.01771E-05	0.998328632	0.001591191
1	1	0.076713989	0.906221788	0.017064223
1	1	0.011449416	0.947321713	0.041228871
1	1	0.009369962	0.984967858	0.00566218
1	1	0.000943933	0.986634924	0.012421143
1	1	0.00022333	0.996148616	0.003628054
1	1	0.000236693	0.995661175	0.004102133
1	1	0.004132418	0.988672033	0.007195549
1	1	0.002089526	0.992708506	0.005201968
1	1	0.000183428	0.997117067	0.002699504
1	1	9.8185E-05	0.998044563	0.001857252
1	1	0.000931146	0.975705681	0.023363173
1	1	0.000996909	0.9956583	0.003344791
1	1	0.001358225	0.888894663	0.109747112
1	1	0.000229583	0.996757804	0.003012613
1	1	0.000259918	0.994870478	0.004869604
1	1	0.000190051	0.99568961	0.00412034
1	1	0.00025059	0.99402487	0.00572454
1	1	0.000121355	0.997708572	0.002170074
1	1	0.000491578	0.978249748	0.021258674
1	1	0.000564927	0.993110503	0.006324569
1	1	0.00027666	0.996684626	0.003038714
1	1	0.00045917	0.990950267	0.008590564
1	1	0.000143622	0.93760803	0.062248347
1	1	0.000267217	0.997454535	0.002278248
1	1	0.000480321	0.989499517	0.010020162
1	1	0.002089701	0.720410304	0.277499995
1	1	0.000144622	0.999210462	0.000644916
1	1	0.00049588	0.987699646	0.011804474
1	1	0.000144966	0.998291349	0.001563685
1	1	0.000515431	0.993117438	0.006367131
1	1	0.000185062	0.996388445	0.003426493
1	1	0.001183227	0.993908388	0.004908385
1	1	0.001961183	0.964343868	0.033694949
1	1	0.000271513	0.997702908	0.002025579
1	1	0.03715108	0.900178294	0.062670626
1	1	7.81109E-05	0.99812137	0.001800519
1	1	0.133500341	0.758243091	0.108256568
1	1	0.003834204	0.981578342	0.014587454
1	1	0.000290475	0.997409176	0.00230035
1	1	0.000251855	0.995950438	0.003797707
1	1	0.000174324	0.995915188	0.003910488
1	1	0.001549793	0.990907948	0.007542258
1	1	0.000436444	0.992478376	0.00708518
1	1	0.001920853	0.980800541	0.017278606
1	1	0.000182552	0.996829819	0.002987629
1	1	0.000259535	0.992113897	0.007626568
1	1	0.000257639	0.997450641	0.00229172
1	1	4.02521E-05	0.999053001	0.000906747
1	0	0.750361407	0.19912942	0.050509173
1	1	0.000113893	0.9988481	0.001038007
1	1	0.000274753	0.997764125	0.001961122
1	1	0.000224311	0.998223328	0.001552361
1	1	0.000173898	0.996461833	0.003364269
1	1	0.000175547	0.997501003	0.00232345
1	1	0.000532078	0.978709849	0.020758073
1	1	0.112038508	0.877820938	0.010140554
1	1	0.002128125	0.93883625	0.059035625
1	1	0.005435027	0.982563078	0.012001895
1	1	0.000507209	0.701112596	0.298380195
1	1	0.000371103	0.993887948	0.005740949
1	1	0.000360262	0.997923257	0.001716481
1	1	0.01217395	0.947757234	0.040068816
1	1	0.000141225	0.998342592	0.001516184
1	1	0.000758972	0.98427909	0.014961938
1	1	0.002000089	0.990283945	0.007715966
1	1	0.000231795	0.995752157	0.004016048
1	1	7.43868E-05	0.997970157	0.001955456
1	1	0.000228151	0.994612793	0.005159055
1	1	0.000198198	0.997061925	0.002739877
1	1	0.00023084	0.996418801	0.003350359
1	1	8.79059E-05	0.998358125	0.001553969
1	1	0.00028107	0.996897207	0.002821723
1	1	0.000267417	0.995011894	0.004720689
1	1	0.000223788	0.995201948	0.004574263
1	1	0.000327613	0.99692849	0.002743897
1	1	0.000350517	0.996805074	0.002844409
1	1	0.000170371	0.9979688	0.001860829
1	1	0.006214078	0.98065175	0.013134172
1	1	0.000774462	0.995767457	0.003458081
1	1	0.000273072	0.998525178	0.001201751
1	1	0.000287753	0.995304565	0.004407681
1	1	0.000748044	0.995361967	0.003889989
1	1	0.00093419	0.996176193	0.002889618
1	1	0.001119546	0.996573512	0.002306942
1	1	0.000551393	0.98781273	0.011635877
1	1	7.77334E-05	0.997976163	0.001946104
1	1	0.000115483	0.997913073	0.001971444
1	1	0.000703982	0.996648564	0.002647453
1	1	6.18958E-05	0.998742804	0.0011953
1	1	0.000108218	0.962175319	0.037716463
1	1	0.000235122	0.99699792	0.002766958
1	1	0.000142289	0.997950573	0.001907138
1	1	0.000240691	0.99650865	0.003250659
1	1	1.40527E-05	0.999501014	0.000484933
1	1	0.000652197	0.989788723	0.00955908
1	1	8.86094E-05	0.998029489	0.001881902
1	1	0.000156682	0.997312698	0.00253062
1	1	0.000933521	0.496710907	0.502355572
1	1	0.000126192	0.997593875	0.002279933
1	1	9.51976E-05	0.998644692	0.00126011
1	1	0.000285542	0.998977753	0.000736705
1	1	1.71553E-06	0.999912621	8.56632E-05
1	1	0.000632644	0.969182131	0.030185225
1	2	4.19121E-05	0.795856331	0.204101757
1	1	0.000101036	0.996668203	0.003230762
1	2	0.004791786	0.184990277	0.810217936
1	1	0.000813968	0.996616135	0.002569897
1	1	0.000414463	0.970904725	0.028680812
1	1	8.87526E-05	0.998843343	0.001067904
1	1	0.000553695	0.965415749	0.034030556
1	1	0.000567058	0.996856506	0.002576435
1	1	0.00069291	0.785912084	0.213395006
1	2	0.000298977	0.356207164	0.643493859
1	2	0.395306613	0.194117122	0.410576265
1	1	0.000104606	0.999691296	0.000204098
1	1	0.001305793	0.9973591	0.001335106
1	1	0.000103181	0.998575633	0.001321186
1	1	0.000294149	0.996580241	0.003125611
1	1	0.000102475	0.998011136	0.001886389
1	1	0.000251072	0.996733074	0.003015854
1	2	0.152286629	0.045909151	0.80180422
1	1	1.93479E-05	0.999672103	0.00030855
1	1	0.00061137	0.992718448	0.006670182
1	1	0.000457919	0.994198283	0.005343798
1	1	6.24527E-05	0.997601748	0.002335799
1	1	0.000184578	0.998463243	0.001352179
1	1	0.000122827	0.997967903	0.00190927
1	1	0.000747314	0.981253424	0.017999262
1	1	0.003321281	0.974720301	0.021958418
1	1	1.18984E-05	0.998797389	0.001190713
1	1	0.001379953	0.952651862	0.045968185
1	1	0.000102691	0.998411343	0.001485966
1	2	0.000938836	0.034680785	0.964380378
1	1	0.002271567	0.995225984	0.002502449
1	1	8.78447E-05	0.998061361	0.001850794
1	1	8.4112E-05	0.998339882	0.001576006
1	1	0.000110824	0.996437753	0.003451423
1	1	0.00028285	0.997211713	0.002505437
1	1	7.33941E-05	0.909766424	0.090160182
1	1	0.000491689	0.92029136	0.079216952
1	1	6.37159E-05	0.961196061	0.038740223
1	1	0.000312224	0.989962126	0.00972565
1	1	0.000197266	0.997946963	0.001855771
1	1	1.52503E-05	0.999790081	0.000194669
1	1	4.62083E-05	0.998749004	0.001204788
1	1	9.42644E-06	0.999208602	0.000781972
1	1	5.14479E-05	0.999158997	0.000789555
1	1	0.000114705	0.998756995	0.001128299
1	1	3.61617E-05	0.998789454	0.001174384
1	1	0.000398655	0.995595953	0.004005392
1	1	2.58299E-05	0.999624135	0.000350036
1	1	9.85922E-05	0.997983305	0.001918103
1	1	8.44201E-06	0.999910439	8.11193E-05
1	0	0.737485693	0.185795515	0.076718792
1	1	0.000332243	0.997360838	0.002306918
1	1	0.000119532	0.998578687	0.001301781
1	1	1.30925E-05	0.999628941	0.000357967
1	1	7.70056E-06	0.998883322	0.001108977
1	1	1.01781E-05	0.999831593	0.000158229
1	1	0.010315311	0.918396596	0.071288093
1	1	3.65859E-05	0.999453795	0.000509619
1	1	0.000206072	0.998417115	0.001376813
1	2	0.257262245	0.034984181	0.707753574
1	1	0.000310108	0.965808512	0.03388138
1	1	0.000222598	0.99596518	0.003812222
1	1	0.000146218	0.999289643	0.000564139
1	2	0.001556042	0.726432228	0.272011731
1	1	4.2202E-05	0.998459225	0.001498573
1	1	7.56845E-05	0.998364732	0.001559583
1	1	0.000156695	0.982251254	0.017592051
1	1	0.000102621	0.998431895	0.001465485
1	1	2.03058E-06	0.999211211	0.000786759
1	1	0.000212872	0.998080476	0.001706653
1	1	2.12039E-05	0.999873236	0.00010556
1	1	0.000312584	0.994875394	0.004812023
1	1	3.14927E-05	0.999444945	0.000523562
1	1	4.74906E-05	0.998622645	0.001329864
1	1	8.06431E-05	0.998323553	0.001595804
1	1	4.96916E-05	0.999825755	0.000124554
1	1	8.28378E-05	0.996081932	0.00383523
1	1	4.85374E-05	0.99882489	0.001126572
1	2	0.017485542	0.278376457	0.704138001
1	2	0.071675034	0.412667623	0.515657343
1	1	0.000119761	0.998689774	0.001190465
1	1	0.000308188	0.999199649	0.000492163
1	1	0.001655973	0.942926897	0.05541713
1	1	7.64144E-06	0.999874888	0.00011747
1	1	6.78435E-05	0.99879407	0.001138087
1	1	0.012624283	0.905441051	0.081934666
1	1	0.000264842	0.996328007	0.003407151
1	1	0.000105054	0.999564655	0.000330291
1	1	0.000154952	0.988174605	0.011670443
1	1	0.000168855	0.998431406	0.001399739
1	2	0.003383723	0.762556489	0.234059788
1	1	0.000603012	0.932605086	0.066791902
1	1	0.000605304	0.991754103	0.007640593
1	1	1.10018E-05	0.998850733	0.001138265
1	1	0.00017264	0.996304571	0.003522789
1	1	0.000179825	0.997973979	0.001846196
1	1	3.86414E-05	0.997617333	0.002344026
1	1	0.004398903	0.9396009	0.056000197
1	1	4.86023E-05	0.991297458	0.008653939
1	1	0.003091278	0.984845221	0.012063502
1	1	7.56977E-05	0.998239424	0.001684878
1	1	0.000506347	0.995721043	0.00377261
1	1	0.000307348	0.980365225	0.019327427
1	1	0.000336369	0.9944135	0.005250131
1	1	0.001359329	0.988305099	0.010335571
1	1	0.000129354	0.997641333	0.002229314
1	1	0.000825898	0.995669715	0.003504387
1	1	0.000149115	0.996813601	0.003037284
1	1	0.000154361	0.982243175	0.017602464
1	1	0.00026337	0.995359018	0.004377613
1	1	0.000780303	0.784092916	0.21512678
1	1	0.000191939	0.996770907	0.003037154
1	1	0.000840786	0.983956385	0.01520283
1	1	1.09847E-05	0.999589201	0.000399814
1	1	0.000241064	0.996459641	0.003299294
1	1	5.49105E-05	0.998795563	0.001149526
1	1	5.41793E-05	0.998689053	0.001256768
1	1	0.000809129	0.994066009	0.005124862
1	1	0.005125294	0.976805883	0.018068823
1	1	0.000204131	0.998154209	0.00164166
1	1	0.000306808	0.995622276	0.004070916
1	1	0.00017964	0.997345961	0.002474399
1	1	0.000221165	0.996605905	0.00317293
1	1	0.000253443	0.993351759	0.006394798
1	1	0.000362958	0.994890895	0.004746147
1	1	0.009646032	0.981661589	0.008692379
1	1	5.75996E-05	0.997309303	0.002633098
1	1	5.32894E-05	0.999127748	0.000818962
1	1	0.000222964	0.996902897	0.00287414
1	1	0.000818043	0.987976965	0.011204992
1	1	9.96234E-06	0.996806298	0.00318374
1	1	0.002569576	0.981950547	0.015479877
1	2	0.001054765	0.077062589	0.921882646
1	2	0.134513384	0.090176035	0.775310582
1	0	0.9830744	0.00160061	0.01532499
1	2	0.034424216	0.687842768	0.277733016
1	1	0.00175678	0.996334214	0.001909006
1	1	7.9426E-05	0.997618591	0.002301983
1	1	0.000901551	0.989165458	0.009932991
1	1	0.00068705	0.981862743	0.017450207
1	1	0.000207963	0.996158138	0.003633898
1	1	0.000385105	0.98906454	0.010550356
1	1	0.000233119	0.996444792	0.003322089
1	1	0.000212846	0.996564472	0.003222682
1	1	0.000331057	0.99280737	0.006861573
1	1	0.000148729	0.998516619	0.001334652
1	1	0.000199627	0.998242695	0.001557678
1	1	0.000212832	0.997894009	0.001893159
1	1	0.000247111	0.996334113	0.003418776
1	1	0.000183534	0.997793537	0.002022929
1	1	0.000163553	0.996529984	0.003306464
1	1	0.000111061	0.998366034	0.001522905
1	1	9.43583E-05	0.998089992	0.00181565
1	1	9.31854E-05	0.997084561	0.002822253
1	1	0.014818972	0.973218151	0.011962877
1	1	0.000461767	0.995659126	0.003879107
1	1	0.00019543	0.996799054	0.003005516
1	1	0.001152399	0.986581421	0.01226618
1	1	0.000234994	0.996953265	0.002811741
1	1	0.000336534	0.9922192	0.007444266
1	1	0.00022169	0.997973011	0.001805299
1	1	0.000130716	0.997021695	0.002847589
1	1	0.000382562	0.98874279	0.010874648
1	1	0.001887803	0.992486676	0.005625521
1	1	0.015837354	0.94225068	0.041911965
1	1	0.000135761	0.998388377	0.001475862
1	1	0.000446412	0.986721007	0.012832581
1	1	0.000389165	0.996897042	0.002713794
1	1	0.00019566	0.995281115	0.004523225
1	1	0.000241098	0.997694693	0.002064209
1	1	0.000756266	0.99868331	0.000560424
1	1	0.000665511	0.982893124	0.016441365
1	1	0.000182518	0.997441541	0.002375941
1	1	0.000119828	0.997951744	0.001928428
1	1	0.000361393	0.997357845	0.002280762
1	1	0.00045763	0.998152228	0.001390142
1	1	9.39786E-05	0.997859355	0.002046666
1	1	9.18814E-06	0.999403583	0.000587228
1	1	6.76105E-05	0.998852771	0.001079618
1	1	0.000169522	0.998472866	0.001357612
1	1	0.000125498	0.998480422	0.00139408
1	1	0.000142443	0.99853497	0.001322586
1	1	0.006424286	0.977780838	0.015794876
1	1	0.000203267	0.99791204	0.001884693
1	1	9.51466E-05	0.998109749	0.001795105
1	1	0.00033708	0.994625639	0.005037281
1	1	0.00017728	0.997126696	0.002696023
1	1	0.000144571	0.998760582	0.001094848
1	1	7.15724E-05	0.997402888	0.00252554
1	1	0.000115669	0.996825979	0.003058352
1	1	0.000194117	0.998052222	0.001753661
1	1	0.000735905	0.996197874	0.003066221
1	1	0.00103513	0.989625613	0.009339257
1	1	0.001352636	0.874327802	0.124319562
1	1	0.000192334	0.998126177	0.001681489
1	1	0.000625518	0.995978051	0.003396431
1	1	0.000880811	0.986721772	0.012397417
1	1	0.000400605	0.995674575	0.00392482
1	1	0.000748342	0.995758505	0.003493153
1	1	0.000240433	0.998930053	0.000829514
1	1	0.000201168	0.995740036	0.004058795
1	1	0.000238356	0.994869593	0.004892051
1	1	0.000115493	0.998995855	0.000888652
1	0	0.550431019	0.331955738	0.117613243
1	1	0.000146718	0.998802267	0.001051015
1	1	0.000412622	0.995928796	0.003658582
1	1	0.000202167	0.997785212	0.002012621
1	1	0.000165821	0.992622868	0.007211311
1	1	0.000245015	0.99860923	0.001145755
1	1	0.003269906	0.983248014	0.01348208
1	1	0.000525014	0.991055318	0.008419668
1	1	0.000244311	0.997336124	0.002419565
1	1	0.000245656	0.997125677	0.002628667
1	1	0.066148396	0.912693974	0.021157631
1	1	0.000457726	0.943801291	0.055740982
1	1	0.000121137	0.999013003	0.00086586
1	1	0.000216252	0.998433501	0.001350247
1	1	7.26254E-05	0.998105876	0.001821498
1	1	0.000429553	0.994151026	0.005419422
1	1	0.000481132	0.980424646	0.019094222
1	1	0.00029419	0.994230935	0.005474875
1	1	0.000253475	0.997456167	0.002290358
1	2	0.193024694	0.136076623	0.670898683
1	1	0.000450146	0.990110229	0.009439625
1	1	0.000142397	0.998010048	0.001847555
1	1	0.000470198	0.99436018	0.005169622
1	1	0.00029171	0.996356798	0.003351491
1	1	0.000313543	0.996632366	0.003054091
1	1	0.000352732	0.997101195	0.002546073
1	1	0.000384329	0.995597835	0.004017836
1	1	0.000217716	0.997187149	0.002595135
1	1	0.000220719	0.997980995	0.001798286
1	1	0.00026743	0.996255798	0.003476771
1	1	0.001027935	0.981568898	0.017403167
1	2	0.104622734	0.431712935	0.463664331
1	1	0.000382224	0.998298145	0.001319631
1	1	2.68213E-05	0.995396192	0.004576987
1	0	0.924718715	0.060976564	0.014304721
1	1	3.47419E-05	0.99883777	0.001127488
1	1	0.001821623	0.979877885	0.018300492
1	1	5.24113E-05	0.999211595	0.000735994
1	1	0.054778709	0.524739319	0.420481971
1	1	0.000973234	0.994330491	0.004696275
1	1	5.97111E-05	0.994621941	0.005318348
1	1	6.1724E-05	0.998063635	0.001874641
1	1	0.000196403	0.995167324	0.004636273
1	1	7.75126E-05	0.974754186	0.025168301
1	1	0.000277507	0.985147728	0.014574765
1	1	0.004387278	0.945211821	0.050400901
1	1	0.000272317	0.940498741	0.059228942
1	1	0.000384657	0.979652006	0.019963336
1	2	0.006449679	0.059313111	0.93423721
1	1	0.000118903	0.998302626	0.001578471
1	1	0.000385422	0.98691481	0.012699768
1	1	0.000263001	0.993966816	0.005770183
1	1	0.001553659	0.93552957	0.062916771
1	1	0.000158343	0.996856636	0.002985022
1	1	0.000332089	0.998094183	0.001573728
1	1	8.74709E-05	0.997199811	0.002712718
1	1	0.00013289	0.997811927	0.002055183
1	1	0.001053655	0.968709396	0.030236949
1	1	0.000152823	0.997175445	0.002671731
1	1	0.00024711	0.996926848	0.002826043
1	1	0.005029563	0.978512084	0.016458353
1	1	0.013937348	0.979725229	0.006337423
1	1	0.000158978	0.998359435	0.001481586
1	1	0.000527708	0.994150084	0.005322208
1	1	0.002108825	0.991908719	0.005982455
1	1	0.000119346	0.998516178	0.001364476
1	1	0.001381695	0.981332064	0.017286242
1	1	0.000966409	0.940894897	0.058138694
1	1	0.000509399	0.958698962	0.040791638
1	1	2.61183E-05	0.99583312	0.004140761
1	1	0.000244611	0.929375154	0.070380236
1	2	0.000513205	0.630441272	0.369045523
1	1	0.000146008	0.973214248	0.026639744
1	1	0.000206738	0.921033923	0.07875934
1	1	0.000213403	0.992996757	0.00678984
1	2	0.000290641	0.611388347	0.388321013
1	1	0.000644229	0.805367344	0.193988427
1	2	6.42175E-05	0.059615777	0.940320006
1	1	0.000314838	0.933463857	0.066221305
1	1	0.002442452	0.981127652	0.016429896
1	2	0.000785172	0.394747811	0.604467018
1	1	4.54097E-05	0.936051334	0.063903256
1	1	0.000768347	0.940381987	0.058849666
1	1	0.002340822	0.970199953	0.027459225
1	2	7.39643E-05	0.113650494	0.886275542
1	1	0.00020119	0.9956468	0.00415201
1	2	1.54248E-05	0.072640638	0.927343937
1	2	0.001670769	0.840488929	0.157840303
1	1	0.000306816	0.993162612	0.006530571
1	2	0.007188824	0.607971221	0.384839955
1	2	0.000130671	0.342314105	0.657555224
1	1	0.000560951	0.882075368	0.117363682
1	2	0.000186632	0.885174714	0.114638654
1	1	0.000233057	0.980858135	0.018908808
1	1	0.00061673	0.929061924	0.070321346
1	1	0.000248741	0.981281053	0.018470205
1	1	0.000251417	0.941486033	0.05826255
1	1	0.000921474	0.930497278	0.068581248
1	1	0.000303562	0.965390028	0.034306409
1	1	0.000116923	0.977754743	0.022128334
1	1	0.000144531	0.976856716	0.022998753
1	1	9.93365E-05	0.981770847	0.018129817
1	1	0.000179311	0.935674321	0.064146368
1	1	0.000226846	0.997564426	0.002208728
1	1	0.000123143	0.971257269	0.028619588
1	2	0.000234491	0.633754908	0.366010601
1	1	0.001312053	0.842432316	0.15625563
1	2	0.00582058	0.758846801	0.235332619
1	2	1.0107E-05	0.002273157	0.997716737
1	1	0.00519643	0.737135591	0.257667979
1	2	0.000241409	0.001775596	0.997982995
1	1	0.001547434	0.994756394	0.003696173
1	2	0.000213617	0.308378927	0.691407456
1	1	0.000221512	0.984880586	0.014897902
1	2	6.51093E-05	0.009432978	0.990501913
1	2	0.000483331	0.764901415	0.234615254
1	1	0.000142751	0.977352037	0.022505212
1	2	0.000668553	0.008385134	0.990946313
1	1	0.000256621	0.991228247	0.008515132
1	1	0.000159518	0.974380649	0.025459833
1	2	0.002778639	0.657182086	0.340039276
1	2	0.000421738	0.092409392	0.90716887
1	1	0.000362081	0.983594263	0.016043656
1	1	0.000221344	0.981382129	0.018396527
1	1	0.000599307	0.960081296	0.039319397
1	1	0.000389647	0.970864684	0.028745669
1	1	4.47454E-05	0.99788114	0.002074114
1	1	0.000295324	0.996768469	0.002936207
1	1	0.000686678	0.97205358	0.027259741
1	1	0.000391862	0.922009095	0.077599043
1	1	5.04823E-05	0.997415598	0.00253392
1	1	0.000582731	0.831449716	0.167967553
1	1	6.57252E-05	0.995781289	0.004152986
1	1	9.5647E-05	0.995463668	0.004440685
1	1	0.001139209	0.991713494	0.007147297
1	1	0.000231371	0.873202217	0.126566412
1	1	0.000953666	0.882235169	0.116811164
1	1	0.000353786	0.977244513	0.022401701
1	1	0.000255054	0.996572123	0.003172822
1	1	0.020220121	0.807851462	0.171928417
1	2	0.119489321	0.357068273	0.523442405
1	1	0.000399376	0.947994091	0.051606533
1	1	0.000474729	0.979447985	0.020077286
1	2	0.000360038	0.825883637	0.173756325
1	2	0.061647063	0.006452874	0.931900064
1	1	0.046666432	0.713744533	0.239589035
1	1	6.16612E-05	0.988610084	0.011328254
1	1	0.002188481	0.977313916	0.020497602
1	1	0.000876085	0.958441008	0.040682906
1	1	0.000269517	0.982379013	0.017351469
1	1	0.000175231	0.994611784	0.005212984
1	1	1.19767E-05	0.998656384	0.001331639
1	1	0.000996832	0.980955312	0.018047856
1	1	0.001399123	0.829186859	0.169414018
1	1	0.000316507	0.990777804	0.008905689
1	1	0.00011653	0.939447076	0.060436395
1	1	0.000186572	0.979516709	0.02029672
1	1	0.000420912	0.962628998	0.03695009
1	1	0.000185374	0.993185866	0.00662876
1	1	0.001508759	0.895773247	0.102717994
1	1	0.00062469	0.738928017	0.260447293
1	1	0.000406636	0.997211311	0.002382053
1	1	0.000364782	0.879051583	0.120583635
1	2	0.039862774	0.133105616	0.82703161
1	1	0.000217974	0.9932884	0.006493626
1	1	0.004176841	0.888873816	0.106949342
1	2	0.013524477	0.017730763	0.968744759
1	1	0.001062248	0.735085981	0.263851771
1	1	0.000518978	0.974580054	0.024900968
1	2	4.47619E-05	0.550155869	0.449799369
1	1	0.001424029	0.813291912	0.185284059
1	1	2.223E-05	0.970282515	0.029695255
1	2	0.00157025	0.604278389	0.394151361
1	2	2.60035E-05	0.235892187	0.76408181
1	2	0.000534061	0.730884251	0.268581688
1	2	0.000177838	0.497411546	0.502410616
1	1	0.000866633	0.992434349	0.006699017
1	1	1.80386E-05	0.996507787	0.003474175
1	1	0.000392761	0.996895079	0.00271216
1	1	0.000203748	0.997077349	0.002718903
1	1	0.000139002	0.966260741	0.033600257
1	2	0.000123222	0.180590727	0.819286051
1	1	0.000599763	0.986811792	0.012588445
1	1	9.74359E-05	0.99102489	0.008877675
1	1	0.001217275	0.963251409	0.035531316
1	1	0.000262237	0.939824767	0.059912996
1	1	0.000133822	0.998902061	0.000964116
1	1	0.00056825	0.995958449	0.003473301
1	0	0.986627475	0.007191448	0.006181077
1	1	0.000203061	0.994014349	0.00578259
1	1	0.000235397	0.967793925	0.031970678
1	1	0.000994506	0.992166837	0.006838656
1	1	0.000384724	0.994233212	0.005382063
1	2	7.53399E-05	0.002621521	0.997303139
1	1	0.000631016	0.973478494	0.02589049
1	1	0.000343648	0.991246005	0.008410347
1	1	0.000109288	0.996785643	0.003105068
1	1	0.000139823	0.99776922	0.002090957
1	1	0.00043533	0.995005919	0.004558751
1	1	0.000322319	0.830882169	0.168795511
1	1	0.000267553	0.98877015	0.010962298
1	1	1.06187E-05	0.999009805	0.000979576
1	1	0.000206099	0.996352423	0.003441478
1	1	0.000499656	0.994524155	0.004976189
1	1	0.001954362	0.971619225	0.026426413
1	1	0.000229054	0.996650736	0.00312021
1	1	0.0002389	0.981014963	0.018746137
1	1	0.000223371	0.996930439	0.002846189
1	1	0.000165071	0.995970871	0.003864058
1	1	0.000335628	0.994109655	0.005554717
1	1	0.000568861	0.936623224	0.062807915
1	1	0.000406259	0.839439897	0.160153844
1	1	0.000243171	0.994668702	0.005088127
1	1	0.008897954	0.980165377	0.010936669
1	0	0.241468203	0.611575124	0.146956673
1	1	0.002463446	0.522989349	0.474547206
1	1	0.000376045	0.99511099	0.004512965
1	2	0.003141852	0.334893407	0.661964741
1	1	0.000362593	0.994386891	0.005250516
1	1	0.000182324	0.996184408	0.003633268
1	1	1.22216E-05	0.998694928	0.00129285
1	1	9.72585E-05	0.99826369	0.001639051
1	1	0.0001208	0.972604023	0.027275177
1	1	1.74224E-05	0.998748033	0.001234545
1	2	0.000611629	0.127404929	0.871983442
1	1	0.000289278	0.988841511	0.01086921
1	1	0.00059995	0.983768511	0.015631539
1	1	0.000208414	0.997019582	0.002772004
1	1	0.000274156	0.994204381	0.005521463
1	1	3.42555E-05	0.998039268	0.001926476
1	1	0.002078794	0.966893265	0.031027941
1	1	0.000685333	0.982449524	0.016865143
1	1	0.000623912	0.99451455	0.004861537
1	1	0.392391529	0.489292338	0.118316133
1	2	0.000247824	0.01275933	0.986992846
1	2	0.002137767	0.169739002	0.828123231
1	1	0.00027944	0.992506488	0.007214072
1	2	0.000531041	0.53085261	0.468616348
1	1	0.000271859	0.965868372	0.033859769
1	1	5.85666E-05	0.919388926	0.080552507
1	1	0.001831174	0.976483032	0.021685794
1	1	0.000298777	0.899773867	0.099927355
1	2	6.04371E-05	0.628885166	0.371054397
1	1	0.000887607	0.989474772	0.009637621
1	1	0.000202524	0.9871292	0.012668276
1	1	0.000299265	0.976694306	0.023006429
1	2	0.001234896	0.728936566	0.269828538
1	1	0.000193662	0.980105518	0.01970082
1	1	0.000323694	0.830262833	0.169413474
1	1	0.000624023	0.948073841	0.051302136
1	1	0.000751175	0.848851036	0.150397789
1	1	0.000124111	0.984587061	0.015288827
1	2	0.018097718	0.003827783	0.978074499
1	2	0.000407865	0.235351962	0.764240173
1	1	8.27178E-05	0.993744313	0.006172969
1	2	0.004425486	0.022967499	0.972607015
1	2	0.00016288	0.145046769	0.854790351
1	1	0.000111052	0.981167989	0.018720959
1	2	9.01442E-05	0.125581615	0.874328241
1	2	0.002968413	0.107826928	0.889204659
1	1	7.9459E-05	0.997932429	0.001988112
1	1	2.95319E-05	0.996666526	0.003303942
1	2	0.14685704	0.48841214	0.364730819
1	2	0.299756844	0.204889667	0.495353489
1	1	0.000460166	0.926146546	0.073393287
1	1	0.002249453	0.943680127	0.054070419
1	2	0.000542557	0.449006617	0.550450826
1	2	0.000194817	0.000855477	0.998949706
1	1	0.000518874	0.891678152	0.107802975
1	1	0.000441094	0.85371992	0.145838986
1	1	0.000446081	0.986581238	0.012972681
1	2	0.04843975	0.086827272	0.864732978
1	1	4.9594E-05	0.868974455	0.130975951
1	1	8.8787E-05	0.99713362	0.002777593
1	1	0.001112969	0.839436887	0.159450144
1	1	0.000291597	0.983892489	0.015815914
1	1	0.000264488	0.997190483	0.002545028
1	2	0.000514797	0.703112685	0.296372518
1	1	0.000738595	0.813865265	0.18539614
1	1	0.000556042	0.947274911	0.052169047
1	1	0.000113036	0.996406535	0.003480428
1	1	0.000148181	0.989775599	0.010076221
1	1	0.000822825	0.983864391	0.015312785
1	1	4.17341E-05	0.990552128	0.009406138
1	2	0.000850364	0.709605204	0.289544432
1	1	0.009325537	0.802840855	0.187833608
1	1	0.000290641	0.953400421	0.046308938
1	1	0.003259217	0.949738925	0.047001858
1	1	0.000454995	0.987159441	0.012385564
1	2	0.255426029	0.026241257	0.718332715
1	2	0.007257907	0.538017712	0.454724382
1	0	0.713111409	0.001504014	0.285384577
1	1	0.000211288	0.99821149	0.001577222
1	2	0.044978663	0.428027833	0.526993504
1	1	0.000771504	0.907403277	0.091825219
1	1	5.4331E-06	0.964639066	0.035355501
1	1	5.54799E-05	0.978542942	0.021401578
1	1	3.09592E-05	0.982907699	0.017061342
1	2	0.003696269	0.469291412	0.527012319
1	1	0.000228564	0.983345517	0.01642592
1	1	0.000576738	0.968097743	0.031325519
1	1	3.25088E-05	0.996108306	0.003859185
1	1	7.99922E-05	0.961672664	0.038247344
1	1	0.000149071	0.792798984	0.207051945
1	1	0.000925226	0.860129163	0.138945611
1	2	0.331554383	0.003708368	0.664737249
1	1	7.95861E-05	0.998131006	0.001789407
1	1	7.34616E-05	0.990003015	0.009923523
1	1	5.07946E-05	0.999280201	0.000669004
1	1	0.000131987	0.998591483	0.00127653
1	1	0.000119457	0.999844772	3.57716E-05
1	1	3.32853E-05	0.998208389	0.001758326
1	1	8.20465E-05	0.993000614	0.00691734
1	1	0.00015049	0.998986612	0.000862898
1	1	0.003029706	0.99253823	0.004432065
1	1	0.000149105	0.998039689	0.001811206
1	1	0.000140301	0.997080864	0.002778835
1	1	9.81289E-05	0.998073132	0.001828739
1	1	3.87911E-05	0.999379198	0.000582011
1	1	0.000381618	0.997213346	0.002405036
1	1	2.66738E-05	0.99977227	0.000201056
1	1	0.000139843	0.998013887	0.00184627
1	1	8.67859E-06	0.99984809	0.000143231
1	1	3.96124E-05	0.999632673	0.000327715
1	1	0.000120022	0.998763791	0.001116187
1	1	8.18601E-05	0.998802022	0.001116118
1	1	0.000216957	0.998089466	0.001693577
1	1	4.91659E-05	0.998192361	0.001758473
1	1	1.79358E-05	0.999788734	0.00019333
1	1	2.67356E-05	0.999486102	0.000487162
1	1	0.005574979	0.792259143	0.202165878
1	0	0.915819959	0.03921345	0.044966591
1	1	2.47426E-05	0.999215859	0.000759398
1	1	0.000119039	0.998743955	0.001137006
1	2	0.001878501	0.650131294	0.347990205
1	1	0.000169548	0.975432934	0.024397518
1	2	0.000233665	0.683642262	0.316124073
1	2	0.000409013	0.000155516	0.999435472
1	2	0.00039754	0.236616309	0.762986151
1	2	0.001821701	0.974057598	0.024120701
1	1	0.000345214	0.963438509	0.036216277
1	1	0.001674982	0.962565995	0.035759023
1	1	0.000271108	0.888614176	0.111114716
1	1	8.01342E-05	0.996997049	0.002922817
1	1	0.000183878	0.774654734	0.225161388
1	1	0.000369079	0.990051122	0.009579799
1	1	0.000150343	0.962814746	0.037034911
1	1	4.44314E-05	0.994451479	0.005504089
1	1	0.000253213	0.920831347	0.07891544
1	1	0.000199876	0.978618337	0.021181787
1	1	7.46861E-05	0.994697264	0.00522805
2	2	0.023644985	0.001146772	0.975208243
2	2	0.002104109	0.000156577	0.997739314
2	2	0.015016133	0.00078775	0.984196117
2	2	0.0073892	0.002398442	0.990212358
2	2	0.000207645	0.000373094	0.999419261
2	2	0.001567458	0.000331064	0.998101479
2	2	0.009738672	0.000657379	0.989603949
2	2	0.001329382	0.000210834	0.998459785
2	2	0.141518574	0.001573073	0.856908353
2	2	0.029143766	0.001782187	0.969074048
2	2	0.000654541	0.000121733	0.999223726
2	2	0.002652972	0.000217682	0.997129346
2	2	0.171135868	0.000827172	0.82803696
2	2	0.01341446	0.000509734	0.986075806
2	2	0.002947007	0.000213352	0.996839641
2	2	0.016052685	0.001962219	0.981985096
2	2	0.138515165	0.001616042	0.859868794
2	2	0.010497658	0.000445104	0.989057238
2	0	0.52683775	0.002569709	0.470592541
2	2	0.067367958	0.000411424	0.932220618
2	2	0.151003467	0.00241815	0.846578383
2	2	0.002304899	0.000310285	0.997384816
2	2	0.014143852	0.000522767	0.985333381
2	2	0.007248266	0.000415265	0.992336469
2	2	0.0061525	0.000720549	0.993126951
2	2	0.003246169	2.83388E-05	0.996725493
2	2	0.025940305	0.000754272	0.973305423
2	2	0.005082417	0.000370941	0.994546642
2	2	0.000499762	7.94979E-05	0.99942074
2	2	0.000641213	0.000107422	0.999251365
2	2	0.007081893	0.001296854	0.991621253
2	2	0.00025984	8.28116E-05	0.999657348
2	2	0.000997334	0.000127241	0.998875425
2	2	0.00320546	0.000387886	0.996406655
2	2	0.031661947	0.003543148	0.964794905
2	2	0.003212626	0.000347562	0.996439811
2	2	0.002058371	0.00027924	0.997662389
2	2	0.001569596	6.62194E-05	0.998364185
2	0	0.484779421	0.002159969	0.51306061
2	2	0.009284852	0.00053756	0.990177588
2	2	0.000312536	7.70551E-05	0.999610409
2	2	0.013732715	0.000834503	0.985432782
2	2	0.010243927	0.001160772	0.988595301
2	2	0.005182777	0.001210993	0.99360623
2	0	0.453911072	0.002060608	0.544028319
2	2	0.003929558	0.000389468	0.995680974
2	2	0.003144761	0.000565717	0.996289522
2	2	0.00774007	0.024764489	0.967495442
2	2	0.000254077	1.7774E-05	0.999728149
2	2	0.000727977	0.000113315	0.999158709
2	2	0.000359651	0.0001179	0.99952245
2	2	0.388334778	0.001964755	0.609700466
2	2	0.013065669	0.000311202	0.986623128
2	2	0.020722981	0.0009507	0.978326319
2	2	0.004661804	0.000378137	0.994960058
2	2	0.00079033	0.000368356	0.998841313
2	2	0.357029701	0.001143186	0.641827113
2	2	0.00097726	8.00661E-05	0.998942674
2	2	0.034702488	0.001374529	0.963922982
2	0	0.663672032	0.002979597	0.33334837
2	0	0.851761223	0.00125735	0.146981427
2	2	0.004315147	0.000397656	0.995287198
2	2	0.002183857	0.484294247	0.513521896
2	2	0.00242136	0.000201197	0.997377443
2	2	0.000302346	0.000135419	0.999562235
2	2	0.003682354	0.000213216	0.99610443
2	2	0.006130554	0.000418108	0.993451338
2	2	0.000594732	0.000104691	0.999300577
2	2	0.003024201	0.001374304	0.995601495
2	2	0.003122009	0.000350385	0.996527606
2	2	0.002992702	0.000280713	0.996726586
2	2	0.00871244	0.000151428	0.991136132
2	2	0.007315309	0.000440418	0.992244273
2	2	0.002849688	0.000789472	0.99636084
2	2	0.001472575	0.000168556	0.998358869
2	2	0.10449574	0.005749117	0.889755143
2	2	0.257565132	0.426014178	0.31642069
2	0	0.601021305	0.002219164	0.396759531
2	2	0.00045435	8.83819E-05	0.999457268
2	2	0.034105958	0.000755083	0.965138959
2	2	0.00332068	0.000258611	0.996420709
2	2	0.036085485	0.008647677	0.955266838
2	2	9.50292E-06	1.52791E-06	0.999988969
2	2	0.006647603	0.006365905	0.986986492
2	2	0.00238731	0.000994881	0.996617809
2	2	0.002516683	0.00039272	0.997090597
2	2	0.372169304	0.001079987	0.626750709
2	2	0.000350862	6.5457E-05	0.999583681
2	2	0.164358392	0.000877349	0.834764259
2	2	0.291988802	0.001446021	0.706565177
2	2	0.085346556	0.001850434	0.91280301
2	2	0.081016202	0.000936271	0.918047527
2	2	0.002134332	0.000164681	0.997700987
2	2	0.007893809	0.000150135	0.991956056
2	2	0.001247258	0.000159191	0.998593551
2	2	0.003409902	0.000454428	0.996135671
2	2	0.005479003	0.654664628	0.33985637
2	2	0.005883754	0.000357005	0.993759241
2	2	0.303735776	0.002898108	0.693366116
2	2	0.000229998	0.000209887	0.999560115
2	2	0.004186826	0.000315292	0.995497882
2	2	0.002367677	0.000274751	0.997357572
2	2	0.002021884	0.000301113	0.997677004
2	2	0.00090809	0.000157992	0.998933918
2	2	0.017223031	0.000819999	0.98195697
2	1	0.031368548	0.824358684	0.144272768
2	2	0.001449474	0.194066535	0.80448399
2	2	0.069667612	0.003997765	0.926334623
2	2	0.048434071	0.004561737	0.947004191
2	2	0.001062063	0.000179033	0.998758904
2	0	0.770887459	0.023325388	0.205787153
2	2	0.313967633	0.00242078	0.683611587
2	2	0.006831263	0.000388217	0.99278052
2	2	0.13524756	0.005633928	0.859118512
2	2	0.016945679	0.000247217	0.982807104
2	2	0.005392239	0.000286207	0.994321554
2	2	0.00016837	7.94925E-05	0.999752138
2	2	1.14505E-05	0.003961704	0.996026846
2	2	0.002088664	0.000638409	0.997272927
2	2	0.000411446	0.000921568	0.998666986
2	2	0.006731833	0.000450115	0.992818053
2	2	0.007449302	0.000454217	0.992096481
2	2	0.002683547	0.82134189	0.175974563
2	2	0.001613438	0.100119766	0.898266797
2	2	0.001957596	0.000477695	0.997564709
2	2	0.00071357	0.000116196	0.999170234
2	2	0.006574039	0.00082533	0.992600631
2	2	0.005000452	0.000610809	0.99438874
2	2	0.006802904	0.000376947	0.992820149
2	2	0.00101152	8.90599E-05	0.99889942
2	2	0.001684663	0.000302996	0.99801234
2	2	0.000174838	7.43335E-05	0.999750828
2	2	0.021505263	0.000799793	0.977694944
2	2	0.005879311	0.000217782	0.993902907
2	2	6.18137E-05	0.000423446	0.999514741
2	2	0.002615754	0.000382454	0.997001792
2	2	0.29521792	0.056053904	0.648728177
2	2	0.003047889	0.000451875	0.996500236
2	2	0.006491838	0.000493243	0.99301492
2	2	0.29370252	0.001389394	0.704908086
2	2	0.00361078	0.000113656	0.996275563
2	2	0.000204897	0.000998353	0.998796751
2	2	0.009670045	0.00050019	0.989829765
2	2	0.001427509	0.000195583	0.998376908
2	2	0.037892546	0.003142612	0.958964842
2	2	0.017124797	0.000643217	0.982231986
2	0	0.458760135	0.012853646	0.528386219
2	2	0.003558594	0.000223994	0.996217412
2	2	0.041890914	0.000759169	0.957349917
2	2	0.003119045	0.001996362	0.994884593
2	2	0.002982153	0.002114557	0.99490329
2	2	0.004203658	0.00038599	0.995410353
2	2	0.011330356	0.000568068	0.988101576
2	2	0.013713299	0.001754995	0.984531706
2	2	0.000320077	0.011656989	0.988022934
2	2	0.174533688	0.002168678	0.823297634
2	2	0.090668615	0.001633804	0.907697581
2	2	0.005314637	0.000359826	0.994325538
2	2	0.000982831	0.000389645	0.998627524
2	2	0.012092549	0.022944757	0.964962695
2	2	0.012236192	0.000538643	0.987225164
2	2	0.122886527	0.000854757	0.876258716
2	0	0.873112562	0.001693444	0.125193994
2	2	0.349401302	0.002708571	0.647890127
2	2	0.022177789	0.001013076	0.976809135
2	2	0.000640616	0.673692776	0.325666609
2	2	0.040358498	0.000631032	0.959010469
2	2	0.001130952	0.000163893	0.998705155
2	2	0.026436098	0.002365834	0.971198068
2	2	0.01709695	0.000305074	0.982597976
2	0	0.791988199	0.002614431	0.20539737
2	2	0.015949534	0.000440357	0.98361011
2	2	0.003376062	0.00036237	0.996261569
2	2	0.003857534	0.000261043	0.995881423
2	2	0.011526677	0.001183012	0.98729031
2	2	0.007468402	0.000474061	0.992057536
2	2	0.025859655	0.000361673	0.973778672
2	2	0.157911252	0.001726391	0.840362357
2	2	0.008382459	0.002373205	0.989244336
2	2	0.001048158	0.000172051	0.998779791
2	2	0.003283138	0.000565129	0.996151733
2	2	0.040838397	0.000706468	0.958455134
2	2	0.054504243	0.00436832	0.941127436
2	2	0.002119631	9.11583E-05	0.997789211
2	2	0.049338796	0.001089818	0.949571386
2	2	0.012426503	0.000907585	0.986665913
2	2	0.000904857	0.000228258	0.998866885
2	2	0.002610927	0.000234853	0.997154219
2	2	0.032775264	0.008049211	0.959175525
2	2	0.001476783	0.000211267	0.998311951
2	2	0.137597827	0.002141775	0.860260398
2	2	0.004665163	0.000454264	0.994880574
2	2	0.304901057	0.006893558	0.688205386
2	2	0.001027933	7.71078E-05	0.99889496
2	2	0.008752795	0.000981742	0.990265463
2	2	0.018322424	0.000429139	0.981248437
2	2	0.362315954	0.001926908	0.635757138
2	2	0.11294765	0.001577158	0.885475192
2	2	0.017527765	0.001949136	0.980523099
2	2	0.001929646	0.000286659	0.997783696
2	2	0.000545232	0.00015364	0.999301128
2	2	0.003370453	0.788669275	0.207960272
2	2	0.341365527	0.004734868	0.653899605
2	0	0.994660894	0.000708434	0.004630671
2	0	0.990224042	0.000429184	0.009346774
2	2	0.000126478	1.47592E-05	0.999858763
2	2	0.43015097	0.002408336	0.567440694
2	2	0.08616515	0.002358358	0.911476492
2	2	0.00305667	6.76185E-05	0.996875711
2	2	0.000695837	0.001496398	0.997807765
2	2	0.001858318	0.000322927	0.997818755
2	2	0.000883715	0.000191777	0.998924508
2	2	0.080918852	0.001402907	0.91767824
2	2	0.039098301	0.001145772	0.959755927
2	2	0.007318079	0.000359748	0.992322174
2	2	0.042696186	0.004022926	0.953280887
2	2	0.002591507	0.000220389	0.997188104
2	2	0.020406317	0.000776891	0.978816793
2	2	0.015925106	0.001480081	0.982594813
2	2	0.002131905	0.000204869	0.997663226
2	2	0.018722409	0.00091633	0.980361261
2	2	0.096408637	0.002509782	0.901081581
2	2	0.391891006	0.001621714	0.60648728
2	2	0.007820266	0.000382556	0.991797178
2	0	0.811275448	0.001106617	0.187617935
2	2	0.155055898	0.000662845	0.844281257
2	2	0.007185776	0.00013897	0.992675253
2	0	0.933384341	0.000973573	0.065642087
2	2	0.268379523	0.00172444	0.729896037
2	2	0.015256353	0.000576256	0.984167392
2	2	0.218949361	0.001638106	0.779412534
2	2	0.028251675	0.000917001	0.970831325
2	2	0.0030087	0.005601352	0.991389949
2	2	0.162962611	0.00087671	0.836160679
2	0	0.936357155	0.000833932	0.062808912
2	0	0.712948335	0.002587026	0.284464639
2	2	0.01423859	0.000747408	0.985014002
2	2	0.018456287	0.000315469	0.981228244
2	2	0.103351765	0.002171978	0.894476257
2	2	0.147981995	0.002226856	0.849791149
2	2	0.180841268	0.001766005	0.817392727
2	2	0.029038878	0.000825832	0.970135291
2	2	0.010409061	0.003768122	0.985822818
2	0	0.998912933	0.000168768	0.000918299
2	2	0.008976879	0.000976239	0.990046882
2	2	0.077192463	0.002689625	0.920117912
2	2	0.042226174	0.001503868	0.956269959
2	2	0.00608009	0.000633066	0.993286844
2	2	0.04316779	0.007560933	0.949271277
2	2	0.476084943	0.00127328	0.522641777
2	2	0.045750409	0.001358391	0.9528912
2	2	0.120658455	0.000447922	0.878893623
2	0	0.68116081	0.000506059	0.318333131
2	2	0.021997859	0.000945015	0.977057127
2	2	0.02364063	0.00074555	0.97561382
2	0	0.987157304	0.000345186	0.01249751
2	2	0.021309561	0.000840848	0.97784959
2	2	0.068704539	0.004052829	0.927242631
2	2	0.162812353	0.004466916	0.832720731
2	2	0.00132502	0.000301413	0.998373567
2	2	0.001806467	0.000174013	0.998019521
2	2	0.068699581	0.001246006	0.930054414
2	2	0.011934465	0.000907221	0.987158314
2	2	0.003239332	0.00133839	0.995422279
2	0	0.749816755	0.001214131	0.248969114
2	0	0.810389415	0.001163945	0.18844664
2	2	0.024371354	0.000949432	0.974679215
2	2	0.036400969	0.000751184	0.962847847
2	2	0.460394857	0.002827193	0.536777949
2	2	0.291607397	0.003032564	0.705360039
2	2	0.037577413	0.001202741	0.961219846
2	2	0.007102178	0.00101847	0.991879352
2	2	0.017659171	0.011798297	0.970542532
2	2	0.002610697	0.000123553	0.99726575
2	2	0.025119877	0.002487702	0.972392421
2	2	0.005233139	0.000394913	0.994371947
2	2	0.000588144	0.642917958	0.356493898
2	2	0.000531118	0.000195681	0.999273202
2	0	0.724745289	0.002650691	0.27260402
2	2	0.002915957	0.000236288	0.996847755
2	2	0.019524709	0.001035496	0.979439795
2	2	0.003723637	0.000322678	0.995953685
2	2	0.097561522	0.000376545	0.902061932
2	2	0.00174429	6.17135E-05	0.998193996
2	2	0.000321824	0.000384908	0.999293269
2	0	0.724152228	0.002757713	0.27309006
2	2	0.001337775	0.172899067	0.825763157
2	0	0.938956227	0.001257932	0.059785841
2	2	0.60936408	0.002088228	0.388547692
2	2	0.001911881	0.607642972	0.390445147
2	2	0.000161876	1.5932E-05	0.999822192
2	2	0.048995678	0.011143229	0.939861093
2	2	0.010226596	0.001072607	0.988700798
2	2	0.009615021	0.000462609	0.989922371
2	2	0.027338621	0.001103956	0.971557423
2	0	0.937507892	0.000789564	0.061702545
2	2	0.060908385	0.005843739	0.933247876
2	2	0.001459373	0.003277586	0.995263041
2	2	0.074197298	0.00086375	0.924938952
2	2	0.008424891	0.000400713	0.991174396
2	2	0.004302425	0.000363193	0.995334382
2	2	0.076029068	0.003011733	0.920959199
2	0	0.79417398	0.001625479	0.204200541
2	0	0.975718349	0.000586416	0.023695235
2	0	0.955311729	0.000567189	0.044121081
2	2	0.018171312	0.002620707	0.979207982
2	2	0.022928902	0.000450543	0.976620555
2	0	0.465481715	0.002183377	0.532334907
2	2	0.013199753	0.000265909	0.986534338
2	2	0.160860514	0.006968762	0.832170724
2	2	0.000616497	0.000340037	0.999043466
2	2	0.331418524	0.002053575	0.666527901
2	2	0.117345604	0.000979438	0.881674958
2	2	0.009694305	0.000569349	0.989736346
2	2	0.008048249	0.000218134	0.991733617
2	2	0.013223621	0.000531477	0.986244902
2	2	0.15667178	0.001519305	0.841808915
2	2	0.001783921	5.5666E-05	0.998160413
2	2	0.009799938	0.000624612	0.98957545
2	0	0.771978672	0.002896077	0.225125252
2	2	0.013945348	0.000951844	0.985102807
2	2	0.012528908	0.000896855	0.986574238
2	2	0.014687279	0.001454528	0.983858192
2	2	0.010030046	0.006993528	0.982976427
2	2	0.021611548	0.001152839	0.977235613
2	2	0.012582677	0.000465716	0.986951607
2	2	0.172148423	0.001221717	0.826629861
2	2	0.067775436	0.000348506	0.931876059
2	0	0.950364029	0.000688627	0.048947344
2	0	0.563606765	0.002778349	0.433614887
2	2	0.00120924	0.000153292	0.998637468
2	2	0.007179094	0.000473536	0.99234737
2	0	0.556920491	0.001294886	0.441784623
2	0	0.991709979	0.000315666	0.007974354
2	0	0.996441272	0.000167846	0.003390882
2	0	0.719283986	0.002066087	0.278649927
2	0	0.833117212	0.001117255	0.165765534
2	2	0.377076602	0.003277393	0.619646005
2	2	0.004140833	0.000307554	0.995551613
2	2	0.006450314	0.000253581	0.993296105
2	2	0.004840016	0.000184504	0.994975479
2	1	0.074366061	0.800710673	0.124923266
2	2	0.001255786	0.000137197	0.998607018
2	0	0.83602547	0.001493854	0.162480676
2	2	0.008738569	0.000328949	0.990932483
2	2	0.022003877	0.001355565	0.976640557
2	2	0.00349025	0.000384225	0.996125525
2	2	0.094115269	0.001892919	0.903991811
2	2	0.05977607	0.000857705	0.939366224
2	2	0.003916853	0.000340714	0.995742432
2	2	0.034143011	0.001214167	0.964642823
2	2	0.001164801	0.000139338	0.998695861
2	2	0.109048925	0.000884172	0.890066903
2	2	0.012763933	0.001268485	0.985967582
2	2	0.001497042	0.000265561	0.998237397
2	2	0.002127093	0.77445231	0.223420598
2	2	0.001613735	0.000188332	0.998197933
2	2	0.03648433	0.000583613	0.962932057
2	2	0.019481736	0.00098381	0.979534454
2	2	0.037011559	0.001838648	0.961149793
2	2	0.017772871	0.000539492	0.981687637
2	2	0.11984378	0.001152564	0.879003656
2	0	0.331946969	0.00259523	0.6654578
2	0	0.600753314	0.001989303	0.397257383
2	0	0.957281449	0.000502629	0.042215922
2	2	0.002954057	0.00051586	0.996530084
2	2	0.006068501	0.000652406	0.993279093
2	2	0.006851635	0.000389998	0.992758367
2	2	0.006800879	0.000376647	0.992822474
2	2	0.016018825	0.000631703	0.983349472
2	2	0.383754495	0.001257346	0.614988159
2	2	0.002325975	8.71991E-05	0.997586826
2	2	0.257114544	0.001943949	0.740941506
2	2	0.066584829	0.001374207	0.932040964
2	2	0.117389368	0.006846902	0.87576373
2	2	0.536645937	0.012186619	0.451167444
2	2	0.001250095	0.000184431	0.998565474
2	2	0.001267908	0.000118111	0.998613981
2	2	0.014938583	0.000449755	0.984611662
2	2	0.000338598	5.87337E-05	0.999602668
2	2	0.003945661	0.000383819	0.99567052
2	2	0.000456161	9.28542E-06	0.999534554
2	2	0.023465666	0.000948322	0.975586013
2	2	0.021194968	0.001631931	0.977173101
2	2	0.006419269	0.000209759	0.993370972
2	2	0.00231358	0.000142644	0.997543776
2	2	0.003072229	0.000473361	0.99645441
2	2	0.065627065	0.016105941	0.918266994
2	0	0.919757333	0.001237768	0.079004899
2	2	0.001021866	0.000102666	0.998875468
2	2	0.277843209	0.001576421	0.72058037
2	2	0.008479898	0.000139652	0.99138045
2	2	0.181830892	0.107165792	0.711003316
2	2	0.03811985	0.005136825	0.956743325
2	2	0.010003506	0.000559918	0.989436575
2	2	0.001677801	0.000191989	0.99813021
2	2	0.003297034	0.561843395	0.434859571
2	2	0.503779367	0.001922715	0.494297918
2	2	0.010597531	0.00087042	0.988532048
2	2	0.004425097	0.000227022	0.99534788
2	2	0.002001108	0.000250675	0.997748217
2	2	0.278573344	0.003992355	0.717434301
2	2	0.149200103	0.043021	0.807778897
2	0	0.737532889	0.001339117	0.261127993
2	2	0.004428538	0.00173806	0.993833402
2	2	0.002335127	0.00015072	0.997514153
2	2	0.00042919	8.19738E-05	0.999488836
2	2	0.449933392	0.001998505	0.548068103
2	2	0.010290168	0.001209599	0.988500233
2	2	0.706925829	0.003293088	0.289781083
2	0	0.99381245	0.000266295	0.005921256
2	2	0.112923749	0.040658699	0.846417553
2	2	0.043110444	0.00565062	0.951238936
2	2	0.096746174	0.00073388	0.902519945
2	0	0.656330908	0.013612182	0.33005691
2	0	0.837752401	0.001325146	0.160922453
2	0	0.81095568	0.001012086	0.188032234
2	0	0.850040408	0.002156063	0.147803529
2	2	0.141248399	0.013596604	0.845154997
2	2	0.056597807	0.000681316	0.942720877
2	2	0.418310823	0.000820472	0.580868705
2	2	0.010239291	0.00062421	0.989136499
2	2	0.018689754	0.000797699	0.980512548
2	2	0.093361303	0.001238594	0.905400103
2	2	0.022816148	0.000885209	0.976298643
2	2	0.105933092	0.025010799	0.869056109
2	2	0.011435912	0.00039026	0.988173827
2	2	0.258257926	0.00114346	0.740598614
2	2	0.196364338	0.000782526	0.802853136
2	2	0.010455347	0.000327854	0.989216799
2	0	0.50515853	0.001662417	0.493179054
2	2	0.479200781	0.001479523	0.519319696
2	2	0.005932779	0.000409627	0.993657594
2	2	0.002843088	0.000416108	0.996740804
2	2	0.007809499	0.000172932	0.992017569
2	2	0.006254606	0.000360601	0.993384793
2	2	0.023272031	0.000347584	0.976380385
2	2	0.181257014	0.001271524	0.817471462
2	2	0.098541864	0.006137893	0.895320244
2	2	0.138625955	0.002966193	0.858407851
2	2	0.125956854	0.039120218	0.834922928
2	2	0.004742874	0.001151705	0.994105421
2	2	0.005763606	0.000806673	0.993429721
2	0	0.993773055	0.000285164	0.005941781
2	2	0.001121631	0.288438997	0.710439373
2	2	0.011339374	0.000958564	0.987702062
2	2	0.009434151	0.00053496	0.99003089
2	2	0.116622999	0.003443356	0.879933645
2	2	0.033660165	0.001738313	0.964601522
2	0	0.983627718	0.001348304	0.015023978
2	2	0.014248403	0.683444065	0.302307532
2	2	0.102301779	0.002068507	0.895629714
2	2	0.516273573	0.004613269	0.479113157
2	0	0.899745632	0.006073968	0.0941804
2	0	0.957180847	0.000497775	0.042321378
2	0	0.874703019	0.002738977	0.122558004
2	2	0.38858747	0.000765993	0.610646537
2	0	0.396537001	0.001756757	0.601706242
2	2	0.010721531	0.000516208	0.988762262
2	2	0.018656053	0.008843393	0.972500554
2	2	0.07474028	0.001899744	0.923359976
2	0	0.664366571	0.001836082	0.333797347
2	2	0.037201903	0.000273203	0.962524893
2	2	0.139794429	0.009409059	0.850796511
2	2	0.277627327	0.019145729	0.703226944
2	2	0.003533359	0.000166152	0.996300489
2	0	0.696825616	0.026584682	0.276589702
2	2	0.058074053	0.001325009	0.940600939
2	0	0.464473304	0.001362068	0.534164628
2	2	0.214732979	0.016186787	0.769080234
2	0	0.945746592	0.000689544	0.053563864
2	2	0.001057647	0.000150446	0.998791908
2	2	0.214942506	0.002340982	0.782716512
2	2	0.010368307	0.000177188	0.989454505
2	2	0.08062026	0.010466189	0.908913551
2	0	0.489084648	0.003040237	0.507875114
2	2	0.009077503	0.00063122	0.990291277
2	2	0.033131814	0.001128844	0.965739342
2	2	0.123211899	0.001191372	0.875596729
2	2	0.01470476	0.001053767	0.984241473
2	2	0.198907387	0.001230523	0.79986209
2	2	0.012375864	0.002026577	0.985597559
2	2	0.001071199	0.000105197	0.998823605
2	2	0.048544301	0.001536607	0.949919091
2	2	0.005325888	0.000731527	0.993942585
2	2	0.007333253	0.000571391	0.992095355
2	2	0.04138486	0.000646434	0.957968707
2	2	0.057695106	0.000524281	0.941780613
2	2	0.005933531	8.40469E-05	0.993982422
2	2	0.000900571	0.401767354	0.597332076
2	2	0.04206778	0.003055619	0.954876602
2	2	0.13518417	0.148344618	0.716471212
2	0	0.839538211	0.001167719	0.15929407
2	2	0.011994354	0.004094056	0.98391159
2	2	0.000214163	5.83896E-05	0.999727447
2	2	0.501049968	0.000897364	0.498052669
2	2	0.052842425	0.184419743	0.762737832
2	2	0.050193358	0.002538016	0.947268626
2	2	0.003384969	0.00151353	0.995101501
2	2	0.020260191	0.002572448	0.977167361
2	2	0.014482043	0.009569773	0.975948184
2	2	0.043828121	0.010518921	0.945652958
2	2	0.001384367	0.000426281	0.998189352
2	2	0.000577239	7.71581E-05	0.999345603
2	2	0.046027936	0.000558751	0.953413314
2	2	0.07921874	0.002858831	0.917922429
2	2	0.012353367	0.000687446	0.986959186
2	2	0.391716129	0.002975873	0.605307998
2	2	0.001568221	0.000243276	0.998188502
2	1	0.037325239	0.650778773	0.311895987
2	2	0.002640659	0.000281683	0.997077657
2	2	0.001993075	0.490820539	0.507186386
2	2	0.021108108	0.000649766	0.978242126
2	2	0.208134032	0.003484353	0.788381616
2	2	0.084862891	0.001039913	0.914097196
2	0	0.995418624	0.000203063	0.004378313
2	2	0.009492619	0.004450046	0.986057335
2	2	0.131714891	0.001111088	0.867174021
2	2	0.008402934	0.002016737	0.989580329
2	2	0.004054035	0.000179535	0.99576643
2	2	0.204614364	0.001589194	0.793796442
2	2	0.001141509	0.000161468	0.998697023
2	2	0.119855456	0.013450099	0.866694444
2	0	0.557479749	0.001572594	0.440947658
2	2	0.029045993	0.000483976	0.970470031
2	0	0.933070218	0.001381929	0.065547853
2	2	0.016021328	0.000573855	0.983404817
2	2	0.005143139	0.000433035	0.994423826
2	2	0.037810529	0.000792302	0.961397169
2	2	0.045463291	0.000401682	0.954135028
2	2	0.036280027	0.001669071	0.962050902
2	2	0.291844282	0.029699208	0.67845651
2	2	0.592368896	0.002370805	0.405260299
2	2	0.008158478	0.000402306	0.991439216
2	2	0.022491299	0.001053827	0.976454873
2	0	0.458091436	0.003041555	0.53886701
2	2	0.004603842	0.000248352	0.995147806
2	2	0.053024384	0.001155984	0.945819632
2	2	0.124179725	0.000377392	0.875442883
2	2	0.377401309	0.001550239	0.621048452
2	0	0.916277273	0.000898633	0.082824095
2	2	0.016528069	0.000421835	0.983050096
2	2	0.023564955	0.000827257	0.975607788
2	2	0.001588827	0.000168924	0.998242249
2	0	0.720938682	0.001218906	0.277842412
2	2	0.521414834	0.002286097	0.476299069
2	2	0.039437784	0.000762788	0.959799429
2	2	0.008321243	0.000483363	0.991195394
2	0	0.924421965	0.00087142	0.074706615
2	2	0.265361811	0.001456002	0.733182187
2	2	0.099204499	0.001075713	0.899719788
2	2	0.005036887	0.000415318	0.994547796
2	2	0.072684756	0.001262043	0.926053201
2	2	0.264594394	0.000752765	0.734652841
2	2	0.087225962	0.000991042	0.911782995
2	2	0.060468811	0.000989088	0.938542101
2	2	0.001836075	8.73991E-05	0.998076526
2	2	0.000491146	7.73269E-05	0.999431527
2	2	0.015866736	0.000921203	0.983212062
2	2	0.002017318	6.69619E-05	0.99791572
2	2	0.022848106	0.000462952	0.976688942
2	2	0.063777722	0.001168597	0.935053681
2	2	0.067109794	0.001824361	0.931065844
2	0	0.484422908	0.004276172	0.51130092
2	0	0.956212276	0.000827273	0.04296045
2	2	0.068738086	0.000779271	0.930482643
2	0	0.749701628	0.001566549	0.248731823
2	0	0.891298473	0.001374623	0.107326904
2	2	0.090345624	0.002926311	0.906728065
2	2	0.003330332	0.002336776	0.994332892
2	2	0.040952009	0.000901316	0.958146675
2	2	0.013194341	0.001956952	0.984848707
2	2	0.404835807	0.00157851	0.593585682
2	2	0.178270982	0.001400606	0.820328412
2	2	0.006210574	0.000469003	0.993320423
2	2	0.067877172	0.002573585	0.929549243
2	2	0.224033599	0.001870295	0.774096107
2	2	0.051908325	0.001962422	0.946129253
2	2	0.017647843	0.000428491	0.981923666
2	0	0.96827244	0.000399522	0.031328038
2	2	0.258808382	0.099961784	0.641229835
2	0	0.892278274	0.000876848	0.106844879
2	0	0.861938368	0.001608149	0.136453483
2	2	0.30613685	0.003144743	0.690718407
2	0	0.483409486	0.071283443	0.445307071
2	2	0.131591377	0.00100753	0.867401093
2	2	0.068955787	0.000596823	0.93044739
2	2	0.005558386	0.003547375	0.990894239
2	2	0.003172186	0.000256358	0.996571456
2	2	0.105775395	0.092537867	0.801686738
2	2	0.006817027	0.000388689	0.992794284
2	0	0.971389065	0.000500888	0.028110047
2	2	0.013350196	0.001167578	0.985482226
2	2	0.002404448	0.000426442	0.99716911
2	2	0.022463476	0.001118614	0.97641791
2	2	0.008323102	0.000953835	0.990723063
2	0	0.91962434	0.000683974	0.079691686
2	2	0.004286251	0.000246255	0.995467494
2	0	0.934370897	0.000675484	0.064953619
2	2	0.014663273	0.00102178	0.984314948
2	2	0.005844227	0.000337515	0.993818258
2	2	0.153287564	0.007120769	0.839591667
2	0	0.891291083	0.001038909	0.107670008
2	0	0.975467349	0.000468657	0.024063994
2	0	0.788911506	0.001120701	0.209967793
2	2	0.247439693	0.001589416	0.75097089
2	2	0.001612669	0.000250196	0.998137134
2	2	0.014337971	0.000297843	0.985364186
2	2	0.003460232	0.000352127	0.996187641
2	0	0.977108278	0.000383122	0.0225086
2	2	0.487695447	0.011111617	0.501192936
2	2	0.256080607	0.001070785	0.742848608
2	2	0.13372411	0.004083191	0.862192699
2	2	0.028275524	0.000850608	0.970873867
2	2	0.001049802	0.000103623	0.998846576
2	2	0.002245419	0.000314646	0.997439936
2	2	0.264132982	0.015577891	0.720289127
2	2	0.025486374	0.000676613	0.973837013
2	2	0.006319646	0.014061819	0.979618535
2	2	0.000667868	5.16294E-05	0.999280502
2	2	0.502634601	0.002708956	0.494656443
2	2	0.001479542	4.21522E-05	0.998478306
2	2	0.009829134	0.000620302	0.989550564
2	2	0.222216037	0.005656187	0.772127776
2	0	0.676291068	0.003003336	0.320705596
2	2	0.005194107	0.001315247	0.993490646
2	0	0.534467169	0.00496032	0.460572511
2	2	0.069021596	0.001410888	0.929567516
2	2	0.021792728	0.002291431	0.975915841
2	2	0.009603188	0.000406568	0.989990245
2	2	0.003261609	0.000266794	0.996471597
2	2	0.00259353	0.000237716	0.997168754
2	2	0.40671444	0.003351176	0.589934384
2	2	0.003991027	0.000206749	0.995802224
2	0	0.98293002	0.00032434	0.01674564
2	2	0.186237383	0.000851226	0.812911391
2	0	0.696235112	0.003222919	0.300541969
2	2	0.001245667	0.020303048	0.978451286
2	2	0.031114196	0.014980722	0.953905082
2	0	0.969290916	0.000541596	0.030167488
2	2	0.005289036	0.002599024	0.99211194
2	2	0.412194096	0.006838677	0.580967226
2	2	0.050192305	0.000852367	0.948955328
2	2	0.006642816	0.000153223	0.993203961
2	2	0.474354361	0.02502198	0.500623659
2	2	0.070437621	0.002030186	0.927532193
2	2	0.011679627	0.000356595	0.987963778
2	2	0.004697267	0.001954982	0.993347752
2	2	0.038970667	0.00076438	0.960264953
2	2	0.065633516	0.020041126	0.914325358
2	0	0.961516333	0.000600322	0.037883344
2	0	0.915350487	0.000994025	0.083655488
2	2	0.043089741	0.000788822	0.956121438
2	0	0.995982095	0.001025345	0.00299256
2	2	0.059298155	0.002206215	0.93849563
2	2	0.04118163	0.001446132	0.957372238
2	2	0.000840902	0.001292166	0.997866932
2	2	0.011964609	0.000361047	0.987674344
2	2	0.149256601	0.002246036	0.848497363
2	2	0.000920281	0.000210204	0.998869514
2	2	0.012530407	0.00077729	0.986692303
2	2	0.181978974	0.001305246	0.816715781
2	2	0.009595407	0.000325786	0.990078807
2	2	0.018734979	0.000932014	0.980333007
2	2	0.206273386	0.001931704	0.79179491
2	2	0.005210529	0.000347907	0.994441564
2	0	0.931961906	0.000675361	0.067362733
2	1	0.065751359	0.726239852	0.208008789
2	0	0.859342666	0.001226627	0.139430707
2	2	0.012464118	0.000255599	0.987280283
2	2	0.003338965	0.000149458	0.996511577
2	0	0.846181113	0.002372237	0.15144665
2	2	0.003388495	0.00017466	0.996436845
2	2	0.007360613	0.000421028	0.992218359
2	2	0.002901245	0.000109475	0.99698928
2	2	0.04728189	0.000753993	0.951964118
2	2	0.01495207	0.000532299	0.984515631
2	2	0.026468967	0.001611512	0.97191952
2	2	0.016938891	0.000647661	0.982413448
2	2	0.049796951	0.001160387	0.949042662
2	2	0.009471936	0.00049999	0.990028074
2	0	0.980139102	0.000753139	0.019107759
2	2	0.138794744	0.001064384	0.860140872
2	2	0.200616688	0.000515043	0.798868269
2	0	0.913005026	0.000978281	0.086016693
2	0	0.954301127	0.00085983	0.044839044
2	2	0.165587196	0.001609137	0.832803667
2	2	0.059797597	0.019105294	0.921097109
2	2	0.019244046	0.000805817	0.979950137
2	2	0.002750275	0.000299423	0.996950302
2	2	0.070738177	0.000655004	0.928606819
2	2	0.030047354	0.001911474	0.968041172
2	0	0.550660698	0.001686101	0.447653201
2	2	0.007555965	0.000429874	0.99201416
2	2	0.021049739	0.000971308	0.977978953
2	0	0.955690702	0.000535548	0.04377375
2	0	0.463629289	0.002429743	0.533940968
2	0	0.795927601	0.00216519	0.201907209
2	2	0.007815218	0.000333862	0.99185092