0	0	0.993077611	0.004371074	0.002551315
0	0	0.980653049	0.014276556	0.005070395
0	0	0.996713034	0.000396081	0.002890886
0	0	0.999158247	0.00057408	0.000267674
0	0	0.996648569	0.002703908	0.000647522
0	0	0.971521202	0.010028821	0.018449976
0	0	0.996611482	0.000705718	0.0026828
0	0	0.995586937	0.00200618	0.002406883
0	0	0.992337658	0.002026405	0.005635937
0	0	0.982314323	0.001706102	0.015979575
0	0	0.998755967	0.000512995	0.000731038
0	0	0.999260413	0.000511307	0.000228279
0	0	0.956886732	0.009995001	0.033118268
0	0	0.989673801	0.002258442	0.008067756
0	0	0.98072558	0.001609289	0.017665131
0	0	0.950841787	0.026892507	0.022265707
0	0	0.962239822	0.002173772	0.035586406
0	0	0.988691827	0.004589553	0.006718619
0	0	0.652779795	0.039454174	0.30776603
0	0	0.926815719	0.004442666	0.068741614
0	0	0.966169575	0.003100426	0.03073
0	0	0.999205666	0.000161179	0.000633155
0	0	0.934915681	0.000319901	0.064764418
0	0	0.993940425	0.001238595	0.00482098
0	0	0.998767918	0.000243296	0.000988786
0	0	0.998959731	0.000236292	0.000803976
0	0	0.991127348	0.000960158	0.007912494
0	0	0.984044807	0.001244547	0.014710646
0	0	0.998408754	0.000193218	0.001398028
0	0	0.998571578	0.000523471	0.000904951
0	0	0.979610221	0.000834314	0.019555464
0	0	0.995267516	0.000635662	0.004096822
0	0	0.999803237	3.4046E-05	0.000162717
0	2	0.000288063	0.00273963	0.996972307
0	2	0.333001449	0.005672596	0.661325955
0	0	0.995418338	0.001344286	0.003237376
0	0	0.999203848	0.000319678	0.000476474
0	0	0.954477307	0.007946757	0.037575937
0	0	0.984914141	0.002748223	0.012337637
0	0	0.984972653	0.002108157	0.012919191
0	0	0.981996107	0.00170027	0.016303623
0	0	0.994392496	0.00078626	0.004821244
0	0	0.986813855	0.011688219	0.001497926
0	0	0.887777524	0.006963771	0.105258705
0	0	0.994520788	0.002865265	0.002613946
0	0	0.985891767	0.007711761	0.006396472
0	0	0.996757395	0.000638973	0.002603632
0	0	0.988806416	0.010638703	0.000554881
0	0	0.983512218	0.000997234	0.015490548
0	0	0.982117968	0.008822554	0.009059477
0	0	0.999276539	0.000438775	0.000284686
0	0	0.980413649	0.001977977	0.017608374
0	0	0.999283611	0.000352374	0.000364015
0	0	0.987418984	0.001153839	0.011427177
0	0	0.996093684	0.00106763	0.002838686
0	0	0.947196405	0.001840259	0.050963336
0	0	0.976232012	0.023103873	0.000664115
0	0	0.970893277	0.005203422	0.023903301
0	0	0.770477823	0.006780907	0.22274127
0	0	0.998687106	0.000595736	0.000717158
0	0	0.989328083	0.000580089	0.010091828
0	0	0.998488836	0.000343573	0.001167591
0	0	0.998393361	0.000276415	0.001330224
0	0	0.996723742	0.000670369	0.002605888
0	0	0.952233832	0.012142487	0.035623681
0	0	0.988749758	0.003194854	0.008055389
0	0	0.953521663	0.038511702	0.007966635
0	0	0.998873724	0.000456406	0.00066987
0	0	0.999284665	0.000137208	0.000578128
0	2	0.474162431	0.002226097	0.523611472
0	0	0.977101725	0.001365186	0.021533089
0	0	0.996081337	0.000713929	0.003204733
0	0	0.93420798	0.000752239	0.065039781
0	0	0.98216041	0.001980312	0.015859277
0	0	0.987514823	0.00297187	0.009513307
0	0	0.99954077	0.000415986	4.32437E-05
0	0	0.988976057	0.001228962	0.009794981
0	0	0.585207241	0.407550986	0.007241773
0	0	0.997378328	0.000683335	0.001938337
0	0	0.804172269	0.021678338	0.174149393
0	0	0.618525506	0.00643234	0.375042154
0	0	0.994361446	0.000919064	0.00471949
0	0	0.983360306	0.001139142	0.015500551
0	0	0.999195334	0.000137855	0.00066681
0	0	0.959737041	0.003666213	0.036596746
0	0	0.999570233	0.000154544	0.000275223
0	0	0.997657688	0.002054454	0.000287857
0	0	0.999080178	0.00021715	0.000702672
0	0	0.996977884	0.000268187	0.002753929
0	0	0.999878195	0.000110619	1.11863E-05
0	0	0.98933278	0.000790991	0.009876229
0	0	0.98267161	0.001021707	0.016306683
0	0	0.960405015	0.002822308	0.036772677
0	0	0.998651011	0.000318735	0.001030254
0	0	0.98259987	0.016533721	0.000866409
0	0	0.996773538	0.000242883	0.002983579
0	0	0.989037444	0.004030668	0.006931888
0	0	0.984845241	0.001157178	0.013997581
0	0	0.995122545	0.00066323	0.004214226
0	0	0.986345713	0.001683049	0.011971238
0	0	0.998164683	0.000880926	0.000954391
0	0	0.894472144	0.000436108	0.105091748
0	0	0.987185648	0.002526559	0.010287794
0	0	0.991037025	0.003154885	0.005808091
0	0	0.963185379	0.005062933	0.031751688
0	0	0.990387168	0.003689518	0.005923313
0	0	0.866467202	0.011666532	0.121866265
0	0	0.995719726	0.003363445	0.000916829
0	0	0.961685009	0.002773991	0.035541
0	2	0.254345907	0.077114797	0.668539297
0	0	0.990575012	0.001811012	0.007613977
0	0	0.937759429	0.007407503	0.054833068
0	0	0.995715574	0.000527272	0.003757154
0	0	0.951835702	0.001834171	0.046330127
0	0	0.971173661	0.002263711	0.026562629
0	0	0.987466802	0.001146533	0.011386664
0	0	0.998146264	0.001085456	0.000768281
0	0	0.886776584	0.053489912	0.059733504
0	0	0.936202368	0.002861173	0.060936459
0	0	0.971195835	0.015560383	0.013243782
0	0	0.999624612	9.60468E-05	0.000279342
0	0	0.985046648	0.000803715	0.014149637
0	0	0.909951174	0.005147396	0.084901431
0	0	0.994687433	0.001339141	0.003973425
0	0	0.994701676	0.00034706	0.004951264
0	0	0.948585785	0.001556551	0.049857664
0	0	0.948526992	0.001513629	0.049959379
0	0	0.984184803	0.00140244	0.014412757
0	0	0.99716421	0.000340723	0.002495067
0	0	0.985708451	0.000452965	0.013838584
0	0	0.986038531	0.003562617	0.010398852
0	0	0.991188171	0.000928862	0.007882967
0	0	0.997115255	0.000460873	0.002423872
0	0	0.996511987	0.001340391	0.002147622
0	0	0.999732666	0.000194794	7.25404E-05
0	0	0.995646909	0.00302041	0.001332681
0	0	0.913073178	0.00333748	0.083589342
0	0	0.993895687	0.001725699	0.004378614
0	0	0.987541418	0.002156784	0.010301798
0	0	0.994553297	0.003719517	0.001727186
0	0	0.960164688	0.024325005	0.015510308
0	0	0.999172412	0.000397933	0.000429655
0	1	0.006633542	0.99330616	6.02977E-05
0	0	0.99715103	0.001238378	0.001610593
0	0	0.891820175	0.005812812	0.102367012
0	0	0.76045448	0.004561795	0.234983725
0	0	0.998596559	0.000707053	0.000696387
0	0	0.972556407	0.010458636	0.016984957
0	0	0.999532588	0.000198968	0.000268444
0	0	0.994334449	0.001808999	0.003856552
0	0	0.996514302	0.001822964	0.001662734
0	0	0.962371308	0.001521201	0.036107491
0	0	0.969922726	0.00121266	0.028864614
0	0	0.973352085	0.024550835	0.00209708
0	0	0.99382248	0.000986353	0.005191167
0	2	0.167372495	0.013023063	0.819604442
0	0	0.980716668	0.00093968	0.018343652
0	0	0.984060332	0.001669271	0.014270396
0	0	0.998958275	0.000699432	0.000342293
0	0	0.999754218	9.17956E-05	0.000153986
0	0	0.99463167	0.00287362	0.00249471
0	0	0.99940771	0.000209143	0.000383147
0	0	0.985268954	0.000752627	0.013978419
0	0	0.934253047	0.048011825	0.017735128
0	0	0.987306739	0.010601344	0.002091917
0	0	0.983533668	0.003054304	0.013412027
0	0	0.98784674	0.011783822	0.000369438
0	0	0.99182185	0.003289855	0.004888295
0	0	0.969208644	0.001658113	0.029133243
0	0	0.999211834	0.000193605	0.00059456
0	0	0.989888003	0.001570025	0.008541971
0	2	0.281218299	0.002745138	0.716036563
0	0	0.99318099	0.000673554	0.006145456
0	0	0.994665219	0.001181053	0.004153728
0	0	0.995017635	0.004604621	0.000377744
0	0	0.92879524	0.05519036	0.0160144
0	0	0.998156074	0.000524615	0.001319311
0	0	0.995692975	0.001413316	0.002893709
0	2	0.063032036	0.005889924	0.93107804
0	0	0.993197621	0.000397695	0.006404684
0	0	0.949525579	0.025750717	0.024723704
0	1	0.000317748	0.999447564	0.000234688
0	0	0.994938552	0.003037033	0.002024415
0	0	0.923265803	0.005781234	0.070952963
0	0	0.998917875	0.000668762	0.000413364
0	0	0.676075045	0.010266684	0.313658271
0	0	0.977178753	0.005575431	0.017245817
0	0	0.962185063	0.010582554	0.027232383
0	0	0.881755724	0.009552616	0.108691659
0	0	0.965244958	0.004149475	0.030605567
0	0	0.995996623	0.0005289	0.003474477
0	0	0.993676631	0.004733722	0.001589647
0	0	0.998061225	0.001187576	0.000751198
0	0	0.987093299	0.000741681	0.012165019
0	0	0.966842883	0.004928507	0.02822861
0	1	0.388083562	0.554918181	0.056998257
0	0	0.986767298	0.001418123	0.011814579
0	0	0.987837297	0.0007364	0.011426303
0	0	0.698857173	0.239235014	0.061907813
0	0	0.996900253	0.00150223	0.001597517
0	1	0.001563087	0.942054189	0.056382724
0	1	0.128895915	0.863423427	0.007680658
0	0	0.970024634	0.000738763	0.029236603
0	0	0.998960968	0.000863912	0.00017512
0	0	0.996248961	0.000936222	0.002814817
0	0	0.978743465	0.001357534	0.019899002
0	0	0.997359686	0.000996019	0.001644295
0	1	0.000222562	0.999496255	0.000281183
0	0	0.984422007	0.005517113	0.01006088
0	0	0.94249909	0.00302084	0.05448007
0	0	0.997394309	0.000831143	0.001774549
0	0	0.828242489	0.006268305	0.165489206
0	0	0.958782745	0.010015807	0.031201448
0	0	0.960040104	0.004126688	0.035833208
0	0	0.99699625	0.000672635	0.002331116
0	0	0.999610638	0.000298575	9.07875E-05
0	0	0.998561098	0.000528515	0.000910388
0	0	0.980209882	0.001536438	0.01825368
0	0	0.99916573	0.000556171	0.000278099
0	0	0.754452157	0.012442174	0.233105669
0	0	0.989586744	0.0039192	0.006494057
0	0	0.997369373	0.002119163	0.000511464
0	0	0.976968942	0.001351824	0.021679234
0	0	0.963872873	0.000937217	0.035189911
0	0	0.540865643	0.003053141	0.456081216
0	0	0.974962852	0.000467806	0.024569341
0	0	0.999897925	2.47743E-05	7.73011E-05
0	0	0.999344581	0.000236383	0.000419035
0	0	0.996788913	0.000492155	0.002718932
0	0	0.990353371	0.001063815	0.008582814
0	0	0.999910601	6.99318E-05	1.9467E-05
0	0	0.972964457	0.000841093	0.02619445
0	0	0.844937921	0.005507238	0.149554841
0	0	0.637677982	0.018359248	0.34396277
0	0	0.999684947	0.000313467	1.58549E-06
0	0	0.986593476	0.00036344	0.013043085
0	0	0.858329414	0.006452631	0.135217955
0	0	0.995807506	0.001998214	0.00219428
0	2	0.218135448	0.00883584	0.773028712
0	0	0.972812584	0.002378789	0.024808627
0	0	0.99954575	0.000278817	0.000175433
0	0	0.65434576	0.047253933	0.298400307
0	0	0.98506178	0.013585518	0.001352702
0	0	0.879340906	0.004846577	0.115812518
0	0	0.955094234	0.002748375	0.042157391
0	0	0.978767501	0.002709852	0.018522647
0	0	0.637411899	0.01756338	0.345024721
0	0	0.99979244	0.000112472	9.5088E-05
0	0	0.991158385	0.002843326	0.005998289
0	0	0.824619849	0.012482435	0.162897715
0	0	0.975327805	0.005217788	0.019454407
0	0	0.989364647	0.000829662	0.009805691
0	0	0.780014192	0.012489798	0.207496011
0	0	0.997530009	0.000288339	0.002181652
0	0	0.999744271	0.000187589	6.81393E-05
0	0	0.956050811	0.00049918	0.043450009
0	0	0.995529397	0.000702489	0.003768114
0	0	0.896724964	0.033117081	0.070157955
0	0	0.921994682	0.004684876	0.073320442
0	0	0.997717934	0.00196771	0.000314356
0	2	0.269268012	0.003818689	0.726913299
0	0	0.96461266	0.000548716	0.034838623
0	0	0.998269416	0.001192466	0.000538118
0	0	0.987964868	0.001359677	0.010675455
0	0	0.994567868	0.004763146	0.000668986
0	0	0.968038468	0.007547164	0.024414368
0	0	0.972983398	0.002475066	0.024541536
0	0	0.998056326	0.000925806	0.001017867
0	0	0.769237742	0.033012956	0.197749302
0	0	0.99527506	0.000865125	0.003859815
0	0	0.994949483	0.001965392	0.003085124
0	0	0.999446946	0.000453075	9.99787E-05
0	0	0.999839845	0.000117478	4.26766E-05
0	0	0.996816683	0.000328331	0.002854986
0	0	0.981689054	0.00093695	0.017373996
0	0	0.998526158	0.000189585	0.001284257
0	0	0.989220402	0.000865903	0.009913695
0	0	0.999312579	0.000227699	0.000459722
0	0	0.985094804	0.001133191	0.013772005
0	0	0.961005875	0.003074618	0.035919507
0	0	0.994815385	0.000489807	0.004694808
0	0	0.442946892	0.202077216	0.354975893
0	0	0.997141277	0.000552773	0.002305949
0	0	0.990246069	0.00055071	0.00920322
0	0	0.969718412	0.007967779	0.022313809
0	0	0.997993361	0.000564761	0.001441878
0	0	0.753916184	0.009007713	0.237076103
0	0	0.953827887	0.007601786	0.038570327
0	0	0.973571735	0.001729049	0.024699216
0	2	0.003280855	0.059418414	0.93730073
0	0	0.979653602	0.001036862	0.019309536
0	0	0.996754372	0.000282325	0.002963303
0	0	0.994420802	0.000676624	0.004902574
0	0	0.999791943	5.2673E-05	0.000155384
0	0	0.998371833	0.000506377	0.00112179
0	0	0.993278069	0.004653458	0.002068473
0	0	0.988197489	0.000405142	0.011397369
0	0	0.999055508	7.2513E-05	0.000871979
0	0	0.998801955	0.00013721	0.001060835
0	0	0.990217385	0.008833263	0.000949352
0	0	0.92845076	0.070853711	0.000695529
0	0	0.50927321	0.221868448	0.268858342
0	0	0.99500198	0.000828735	0.004169286
0	0	0.946440991	0.00346464	0.05009437
0	0	0.979462705	0.002475405	0.018061889
0	0	0.997289939	0.000436285	0.002273775
0	0	0.995110717	0.000703248	0.004186035
0	0	0.947436983	0.001987863	0.050575154
0	0	0.959771954	0.002594505	0.037633541
0	0	0.815613091	0.002016453	0.182370456
0	0	0.999879802	9.76305E-05	2.2567E-05
0	0	0.999929992	2.80683E-05	4.194E-05
0	0	0.863353155	0.001721204	0.134925642
0	0	0.998712192	0.000886182	0.000401626
0	0	0.909070071	0.082592773	0.008337156
0	0	0.996083071	0.0004484	0.003468529
0	0	0.998927924	0.000474346	0.000597729
0	0	0.999742996	0.00013328	0.000123724
0	0	0.995111704	0.004208284	0.000680012
0	0	0.829412266	0.003450149	0.167137585
0	0	0.991920739	0.000791159	0.007288102
0	0	0.990672012	0.00063355	0.008694438
0	0	0.929512717	0.004460498	0.066026785
0	0	0.947182834	0.002888658	0.049928508
0	0	0.933347393	0.004339146	0.062313461
0	0	0.942461777	0.005478303	0.05205992
0	0	0.984135654	0.015595209	0.000269137
0	0	0.982938181	0.000709884	0.016351935
0	2	0.178845017	0.066229078	0.754925905
0	0	0.646613321	0.000428891	0.352957787
0	0	0.996628658	0.000421717	0.002949626
0	0	0.931526424	0.004566854	0.063906722
0	0	0.999422171	0.000215688	0.000362141
0	0	0.998577452	0.000208656	0.001213892
0	0	0.997819211	0.001856276	0.000324514
0	0	0.992114521	0.000499094	0.007386386
0	0	0.997417204	0.001060424	0.001522371
0	0	0.99698481	0.000493484	0.002521706
0	0	0.99927621	0.000119903	0.000603887
0	2	0.151805353	0.004324079	0.843870568
0	0	0.938505588	0.001981767	0.059512645
0	0	0.992892276	0.003673049	0.003434675
0	0	0.994506989	0.000822133	0.004670878
0	0	0.999594404	0.000335763	6.98329E-05
0	0	0.997620553	0.001924706	0.000454741
0	0	0.991008461	0.002435917	0.006555622
0	0	0.969173246	0.001970019	0.028856734
0	0	0.996880724	0.000594301	0.002524975
0	2	0.432163421	0.04209815	0.525738429
0	0	0.859938006	0.111325718	0.028736276
0	0	0.970382901	0.0124758	0.0171413
0	0	0.996129749	0.001145771	0.00272448
0	0	0.971984997	0.004168434	0.023846569
0	0	0.946927089	0.00114159	0.051931321
0	0	0.822259528	0.008341609	0.169398863
0	1	0.005563812	0.993747878	0.00068831
0	0	0.915970282	0.002286412	0.081743306
0	0	0.989129963	0.002817995	0.008052042
0	0	0.99755094	0.000809048	0.001640011
0	0	0.949586638	0.002589402	0.04782396
0	0	0.991884863	0.000548815	0.007566322
0	0	0.974557767	0.001843717	0.023598515
0	0	0.998521901	0.000398191	0.001079908
0	0	0.571657409	0.028512423	0.399830168
0	0	0.998200074	0.000827583	0.000972343
0	2	0.322790198	0.001338571	0.675871231
0	2	0.328124926	0.004672033	0.66720304
0	0	0.996325807	0.000538738	0.003135455
0	0	0.996801122	0.001245518	0.001953361
0	0	0.917271614	0.005327082	0.077401304
0	0	0.965783423	0.030052312	0.004164264
0	2	0.432933765	0.005805959	0.561260276
0	0	0.999204517	0.00013695	0.000658533
0	0	0.997126967	0.000928002	0.001945031
0	0	0.944542978	0.010021183	0.045435839
0	0	0.999744613	0.000231633	2.37541E-05
0	0	0.865780025	0.01020146	0.124018514
0	1	0.015385911	0.981568932	0.003045156
0	2	0.005066728	0.00157113	0.993362141
0	0	0.701893966	0.001239592	0.296866442
0	0	0.95601429	0.001474285	0.042511425
0	0	0.99900744	0.000275674	0.000716886
0	0	0.966486763	0.001012343	0.032500894
0	0	0.884013445	0.007169044	0.108817511
0	0	0.935548571	0.00296398	0.061487448
0	0	0.977130343	0.003907978	0.018961679
0	0	0.972035275	0.000461807	0.027502918
0	0	0.970171745	0.002983428	0.026844826
0	0	0.767676099	0.006406851	0.22591705
0	0	0.823817662	0.00880526	0.167377078
0	0	0.959028573	0.000616203	0.040355225
0	0	0.999480783	0.000174442	0.000344775
0	0	0.994239685	0.000804913	0.004955402
0	0	0.983681958	0.001181639	0.015136403
0	2	0.146107958	0.003033587	0.850858455
0	0	0.677687153	0.031236452	0.291076394
0	0	0.93708352	0.005795446	0.057121034
0	2	0.263267895	0.029419924	0.707312181
0	0	0.901184475	0.042153174	0.056662351
0	0	0.998461959	0.001267081	0.00027096
0	0	0.99697089	0.001422508	0.001606602
0	0	0.754992041	0.223924112	0.021083847
0	0	0.99980353	7.59985E-05	0.000120472
0	0	0.91519275	0.001757926	0.083049324
0	0	0.998761357	0.000996223	0.00024242
0	0	0.948688027	0.011614798	0.039697174
0	0	0.998176697	0.000540009	0.001283294
0	0	0.9992294	0.000354369	0.000416231
0	0	0.99605223	0.000589253	0.003358518
0	0	0.998900381	0.000806021	0.000293598
0	0	0.947987775	0.000683958	0.051328267
0	0	0.996031045	4.86151E-05	0.00392034
0	0	0.935489454	0.01210199	0.052408557
0	0	0.821494991	0.068389947	0.110115062
0	0	0.979438336	0.003555442	0.017006222
0	0	0.970488372	0.023499977	0.006011651
0	0	0.98961528	0.000744767	0.009639953
0	0	0.993569624	0.001136217	0.005294159
0	0	0.935113637	0.007628323	0.057258039
0	0	0.871094796	0.001871707	0.127033497
0	0	0.992069768	0.00043705	0.007493181
0	0	0.836056358	0.011880472	0.15206317
0	0	0.976429444	0.003754302	0.019816254
0	0	0.998313056	0.000665755	0.001021188
0	0	0.999004542	0.00020642	0.000789038
0	0	0.991443928	0.001120598	0.007435474
0	0	0.981152947	0.00157606	0.017270992
0	0	0.993678461	0.000986407	0.005335132
0	0	0.995933956	0.000413657	0.003652387
0	0	0.945648766	0.018945591	0.035405643
0	0	0.999810839	6.9001E-05	0.00012016
0	0	0.994828124	0.000836666	0.00433521
0	0	0.994552984	0.000892163	0.004554854
0	0	0.985763683	0.000692683	0.013543634
0	0	0.797634889	0.005847715	0.196517397
0	0	0.998991204	0.000403268	0.000605528
0	0	0.957823252	0.001835952	0.040340796
0	0	0.93805712	0.002363423	0.059579458
0	0	0.960306454	0.038105265	0.001588281
0	0	0.96292472	0.00158087	0.035494411
0	0	0.999671473	7.61863E-05	0.000252341
0	0	0.975897359	0.000779235	0.023323406
0	2	0.263098822	0.022867798	0.71403338
0	0	0.982526566	0.003153861	0.014319574
0	0	0.995911833	0.00082676	0.003261407
0	0	0.863437613	0.020547138	0.11601525
0	0	0.99894778	0.000915305	0.000136915
0	0	0.993097211	0.004583343	0.002319446
0	0	0.984579592	0.001425204	0.013995205
0	0	0.999231578	0.000308691	0.000459731
0	0	0.955154765	0.003808264	0.041036971
0	0	0.999650687	5.69892E-05	0.000292324
0	0	0.99903037	0.000229119	0.000740511
0	0	0.998534932	0.00101968	0.000445387
0	0	0.99727568	0.001268998	0.001455322
0	0	0.998549235	0.000964644	0.000486122
0	0	0.990312659	0.002674656	0.007012685
0	0	0.931700536	0.030012425	0.03828704
0	0	0.982641385	0.000913241	0.016445374
0	0	0.979041079	0.001436305	0.019522616
0	0	0.994477825	0.002771304	0.002750872
0	2	0.372047384	0.005839944	0.622112672
0	0	0.986506111	0.00104328	0.012450609
0	0	0.857788389	0.018820702	0.123390909
0	0	0.90896223	0.002864528	0.088173242
0	0	0.856654898	0.065972313	0.077372789
0	0	0.97993654	0.004194138	0.015869322
0	2	0.055394977	0.003750124	0.940854899
0	0	0.966801653	0.008205407	0.024992939
0	0	0.906524887	0.006238991	0.087236122
0	0	0.925309635	0.00528054	0.069409825
0	0	0.972794684	0.003766978	0.023438338
0	0	0.998575368	0.00026717	0.001157462
0	0	0.949194557	0.017289749	0.033515693
0	0	0.567278389	0.014149088	0.418572523
0	0	0.991384013	0.002930585	0.005685403
0	0	0.990949606	0.00337827	0.005672124
0	0	0.996073322	0.000540436	0.003386242
0	0	0.991726205	0.000526474	0.007747321
0	0	0.999253687	8.92609E-05	0.000657053
0	0	0.999424098	0.000177033	0.00039887
0	0	0.981622757	0.002643509	0.015733734
0	0	0.834290416	0.014709324	0.151000261
0	0	0.88629951	0.008722056	0.104978434
0	0	0.910719815	0.036658132	0.052622053
0	0	0.998949004	0.00019919	0.000851806
0	2	0.107741206	0.085655386	0.806603408
0	0	0.982375511	0.003340009	0.01428448
0	0	0.978055517	0.005200041	0.016744443
0	0	0.98590258	0.003370488	0.010726932
0	2	0.22144143	0.001933164	0.776625406
0	0	0.830149788	0.041725237	0.128124975
0	0	0.95562021	0.001265238	0.043114552
0	2	0.16038486	0.027472247	0.812142893
0	0	0.969264654	0.027454709	0.003280637
0	0	0.691215954	0.037639435	0.271144611
0	2	0.321747936	0.062300437	0.615951627
0	0	0.983672839	0.001341507	0.014985654
0	0	0.998073507	0.000731635	0.001194857
0	0	0.958066541	0.002397238	0.039536221
0	0	0.992594369	0.000710222	0.006695409
0	0	0.913234562	0.071079059	0.015686379
0	0	0.636260401	0.286376654	0.077362945
0	0	0.98008668	0.001154931	0.018758388
0	0	0.992926483	0.000476902	0.006596615
0	0	0.997300086	0.000744793	0.00195512
0	0	0.985091948	0.003432315	0.011475737
0	0	0.994131553	0.000326923	0.005541524
0	0	0.998950829	0.000319086	0.000730085
0	0	0.989772807	0.000340642	0.009886552
0	0	0.729527298	0.001180569	0.269292133
0	0	0.998164562	0.000409802	0.001425636
0	0	0.997581923	0.001698481	0.000719596
0	0	0.703441633	0.010931898	0.285626469
0	0	0.579468426	0.007505313	0.413026261
0	0	0.980024784	0.002173802	0.017801413
0	0	0.987698957	0.000799537	0.011501506
0	0	0.983608021	0.015866778	0.000525202
0	0	0.999632534	5.99759E-05	0.00030749
0	0	0.997156518	0.000931562	0.00191192
0	0	0.99237394	0.001167541	0.006458519
0	0	0.998370769	0.000661282	0.00096795
0	0	0.96279859	0.001462349	0.035739061
0	0	0.99207453	0.000529034	0.007396436
0	2	0.401763455	0.003592195	0.59464435
0	0	0.980928896	0.001199734	0.01787137
0	0	0.978354317	0.001138569	0.020507115
0	0	0.914100821	0.00283273	0.083066449
0	2	0.255881067	0.003702517	0.740416417
0	0	0.634273141	0.007781738	0.357945122
0	0	0.997007406	0.00088582	0.002106775
0	0	0.962502778	0.00290472	0.034592502
0	0	0.916393143	0.00284979	0.080757066
0	0	0.999172291	0.000228876	0.000598833
0	0	0.996189787	0.000670479	0.003139733
0	0	0.983064294	0.000967901	0.015967805
0	0	0.975676646	0.000834378	0.023488976
0	0	0.6366516	0.009268509	0.354079891
0	0	0.562673841	0.061960689	0.37536547
0	0	0.983378526	0.000423371	0.016198103
0	0	0.996849159	0.000600315	0.002550526
0	0	0.875855645	0.007922456	0.116221899
0	2	0.052088523	0.041906654	0.906004823
0	0	0.997748727	0.000806139	0.001445133
0	2	0.413194367	0.001333781	0.585471851
0	0	0.993344568	0.002425112	0.00423032
0	0	0.907225963	0.00802524	0.084748797
0	0	0.979348101	0.00105273	0.019599169
0	0	0.997285877	0.000611181	0.002102942
0	2	0.35519609	0.00172335	0.64308056
0	0	0.959632979	0.0058017	0.034565321
0	0	0.988220426	0.000495348	0.011284225
0	0	0.980270591	0.002375312	0.017354098
0	0	0.990686498	0.000584089	0.008729413
0	0	0.99810958	0.000437518	0.001452902
0	0	0.991509994	0.002118544	0.006371462
0	0	0.998001026	0.001781319	0.000217655
0	0	0.99012733	0.000607765	0.009264904
0	0	0.898957308	0.003719672	0.09732302
0	0	0.86355	0.001763238	0.134686762
0	0	0.987342472	0.003376086	0.009281442
0	0	0.991633292	0.000829488	0.00753722
0	0	0.931517589	0.003707712	0.064774699
0	0	0.672842364	0.004977417	0.322180219
0	0	0.998795319	0.000437206	0.000767474
0	0	0.922425956	0.005542286	0.072031758
0	0	0.977228568	0.000683739	0.022087693
0	2	0.494849418	0.002872703	0.502277879
0	0	0.974967356	0.003428093	0.021604551
0	0	0.999250697	0.000168994	0.000580309
0	0	0.742051107	0.004865737	0.253083157
0	0	0.94140323	0.00446769	0.05412908
0	0	0.989110257	0.003703231	0.007186511
0	0	0.986730403	0.001523784	0.011745813
0	0	0.976946143	0.001364286	0.021689571
0	0	0.993461649	0.000702644	0.005835707
0	0	0.948661835	0.001331695	0.05000647
0	0	0.990186573	0.001361509	0.008451918
0	0	0.961884369	0.003879065	0.034236566
0	0	0.888951072	0.009072449	0.10197648
0	0	0.997115683	0.002564765	0.000319553
0	0	0.834213476	0.023179988	0.142606535
0	0	0.991394545	0.001312472	0.007292982
0	2	0.134400282	0.028349872	0.837249846
0	0	0.926861477	0.009609038	0.063529485
0	2	0.369987634	0.002433352	0.627579015
0	2	0.006087711	0.000573196	0.993339094
0	0	0.992389523	0.003337479	0.004272998
0	2	0.145443223	0.009261683	0.845295094
0	0	0.809125693	0.000392961	0.190481347
0	0	0.996197242	0.000552139	0.003250618
0	0	0.98622634	0.00376665	0.01000701
0	0	0.986659004	0.008909557	0.00443144
0	0	0.960862592	0.006432295	0.032705113
0	0	0.995786839	0.000361004	0.003852157
0	2	0.03400047	0.000375715	0.965623816
0	0	0.956184445	0.00194634	0.041869215
0	0	0.965808981	0.001849039	0.03234198
0	0	0.999570387	0.000225131	0.000204482
0	0	0.936304974	0.001021366	0.062673659
0	0	0.981889545	0.0021314	0.015979055
0	0	0.99753044	0.001808834	0.000660725
0	2	0.027506605	0.000813773	0.971679622
0	2	0.054675848	0.003496708	0.941827444
0	0	0.74461692	0.002008262	0.253374818
0	0	0.989578093	0.004998204	0.005423702
0	0	0.806338912	0.010986905	0.182674182
0	0	0.996589545	0.00214157	0.001268886
0	0	0.963305213	0.003899976	0.032794811
0	0	0.939629455	0.002795709	0.057574836
0	0	0.910949977	8.10238E-05	0.088968999
0	0	0.998658307	0.000836284	0.000505409
0	2	0.256610354	0.037429487	0.705960159
0	0	0.987747016	0.000596919	0.011656065
0	0	0.97418797	0.002144495	0.023667535
0	0	0.987946087	0.000941885	0.011112028
0	0	0.874283381	0.006849698	0.118866921
0	0	0.995830939	0.000305159	0.003863902
0	0	0.997915672	0.000587469	0.001496859
0	0	0.912548637	0.062981522	0.024469841
0	0	0.99996244	1.46037E-05	2.29559E-05
0	0	0.995779085	0.001297871	0.002923044
0	0	0.967883412	0.00445315	0.027663439
0	0	0.99369813	0.002500607	0.003801263
0	0	0.712150516	0.001334944	0.286514541
0	0	0.951143325	0.00202945	0.046827225
0	0	0.97401516	0.001400076	0.024584763
0	0	0.861751376	0.001729214	0.13651941
0	0	0.992950744	0.000486694	0.006562562
0	0	0.950232399	0.000354945	0.049412656
0	0	0.62072231	0.00158389	0.3776938
0	0	0.993321061	0.000651912	0.006027027
0	0	0.983000004	0.000970843	0.016029153
0	0	0.996445312	0.000279765	0.003274923
0	0	0.999892349	3.28517E-05	7.47989E-05
0	2	0.199409241	0.003587154	0.797003605
0	0	0.994497844	0.002647823	0.002854332
0	0	0.973167297	0.001338375	0.025494328
0	0	0.992630525	0.002268363	0.005101112
0	0	0.943508079	0.003236217	0.053255705
0	0	0.773189782	0.005464784	0.221345434
0	0	0.997473074	0.001850258	0.000676668
0	0	0.988309533	0.000960978	0.010729489
0	0	0.987828986	0.003990871	0.008180143
0	0	0.927622	0.003217885	0.069160115
0	0	0.946848704	0.012936326	0.04021497
0	0	0.946110738	0.001976761	0.051912501
0	0	0.998571578	0.000162468	0.001265954
0	0	0.995960381	0.001539577	0.002500042
0	0	0.996255622	0.001030974	0.002713404
0	0	0.993438335	0.001201622	0.005360043
0	0	0.535063439	0.010033057	0.454903504
0	0	0.997165549	0.002405401	0.000429049
0	2	0.464953893	0.06344277	0.471603337
0	0	0.994534444	0.000775827	0.004689729
0	0	0.992056065	0.000508332	0.007435603
0	0	0.980787167	0.001920634	0.017292199
0	0	0.976017181	0.003244561	0.020738258
0	0	0.928163694	0.009608116	0.06222819
0	0	0.993472704	0.000908561	0.005618735
0	0	0.998153377	0.000925989	0.000920634
0	0	0.992530461	0.002122422	0.005347118
0	0	0.99672249	0.001120609	0.002156901
0	0	0.953439519	0.00157787	0.044982611
0	0	0.991009711	0.00301206	0.005978229
0	0	0.931177299	0.004606875	0.064215826
0	0	0.999653282	0.000120237	0.000226482
0	0	0.972742599	0.000858576	0.026398825
0	0	0.963823429	0.001915556	0.034261015
0	0	0.99876455	0.000172531	0.001062919
0	0	0.998584775	0.00015052	0.001264705
0	0	0.983020679	0.001672016	0.015307305
0	2	0.009135479	0.00090345	0.989961071
0	0	0.998595624	0.00026024	0.001144136
0	0	0.988357444	0.000741667	0.01090089
0	0	0.955893176	0.008882172	0.035224652
0	2	0.344273646	0.006658784	0.64906757
0	0	0.804124276	0.004190642	0.191685082
0	0	0.959914363	0.000194902	0.039890734
0	0	0.98793085	0.001087643	0.010981507
0	0	0.973376612	0.000952154	0.025671234
0	1	0.25843889	0.688874609	0.0526865
0	0	0.999243386	0.000500773	0.00025584
0	0	0.982263979	0.001176519	0.016559502
0	0	0.998399525	0.000364384	0.00123609
0	0	0.992667003	0.000879673	0.006453323
0	0	0.99905965	0.000217668	0.000722682
0	0	0.977862106	0.001714752	0.020423142
0	0	0.869110617	0.015458676	0.115430707
0	0	0.997399202	0.000783136	0.001817662
0	0	0.991158776	0.000936388	0.007904836
0	0	0.96080592	0.00477633	0.03441775
0	0	0.933598122	0.001825668	0.06457621
0	2	0.345785303	0.063390758	0.59082394
0	0	0.998763857	0.001012293	0.000223849
0	0	0.994417131	0.000858865	0.004724004
0	0	0.889534455	0.001536333	0.108929212
0	0	0.993098588	0.000915971	0.005985441
0	0	0.969952792	0.017010782	0.013036426
0	0	0.996025101	0.000168162	0.003806737
0	0	0.993694391	0.00082657	0.005479039
0	0	0.995497169	0.001120239	0.003382592
0	0	0.990232617	0.002331332	0.007436051
0	0	0.973724079	0.004677333	0.021598589
0	0	0.998382053	0.000167117	0.00145083
0	0	0.978102049	0.001229385	0.020668566
0	0	0.99738839	0.000554627	0.002056983
0	0	0.998287836	0.000299974	0.00141219
0	0	0.998823033	0.00063704	0.000539926
0	0	0.814650843	0.004138608	0.181210549
0	2	0.379811582	0.00497127	0.615217148
0	0	0.99642414	0.000480597	0.003095263
0	0	0.999466985	0.000151832	0.000381182
0	0	0.996862892	0.001209628	0.00192748
0	0	0.994460758	0.000431279	0.005107963
0	2	0.30606766	0.021496845	0.672435495
0	0	0.886147932	0.012440831	0.101411237
0	0	0.965669315	0.001343424	0.032987261
0	0	0.99047762	0.000943638	0.008578742
0	0	0.993747483	0.001851291	0.004401226
0	0	0.995475087	0.001154215	0.003370699
0	2	0.189788798	0.003624121	0.806587081
0	0	0.996832727	0.000651996	0.002515277
0	2	0.05689634	0.001361968	0.941741691
0	0	0.969315416	0.001504394	0.02918019
0	0	0.988397876	0.001405208	0.010196916
0	0	0.993018368	0.001068066	0.005913567
0	2	0.061164804	0.002314218	0.936520978
0	0	0.994008874	0.001748654	0.004242472
0	0	0.856615225	0.004368802	0.139015973
0	0	0.947037582	0.00354323	0.049419188
0	0	0.994084488	0.00554847	0.000367042
0	0	0.982668622	0.000731888	0.01659949
0	0	0.987525044	0.002757713	0.009717242
0	0	0.830478484	0.007293635	0.162227881
0	0	0.992535834	0.000450482	0.007013684
0	0	0.964964298	0.002491765	0.032543938
0	0	0.99658418	0.000801423	0.002614397
0	0	0.88473717	0.003241352	0.112021478
0	0	0.971078921	0.002892172	0.026028907
0	0	0.914224247	0.005435089	0.080340664
0	0	0.825834706	0.003108669	0.171056625
0	0	0.997457374	0.000559232	0.001983394
0	0	0.704644388	0.011463789	0.283891823
0	0	0.993537802	0.001082824	0.005379375
0	0	0.998912043	0.000172867	0.00091509
0	0	0.982794387	0.000824977	0.016380636
0	0	0.811667562	0.009510447	0.178821991
0	0	0.645329871	0.014562673	0.340107456
0	0	0.988954914	0.001147917	0.009897169
0	2	0.263737806	0.001787567	0.734474627
0	0	0.983939831	0.00727588	0.008784289
0	0	0.999939382	1.93472E-05	4.12706E-05
0	0	0.999221531	0.000202397	0.000576072
0	0	0.941738179	0.001909282	0.056352539
0	0	0.996378803	0.001307775	0.002313421
0	0	0.997548437	0.001997309	0.000454254
0	2	0.388650721	0.000725482	0.610623797
0	0	0.960967078	0.002301222	0.0367317
0	0	0.81812914	0.010158596	0.171712265
0	2	0.000103253	0.000925081	0.998971666
1	1	1.93288E-05	0.999884993	9.56787E-05
1	1	1.54559E-05	0.999979035	5.50904E-06
1	1	3.50131E-05	0.999513104	0.000451883
1	1	8.22857E-06	0.999202183	0.000789589
1	1	9.1811E-05	0.995630656	0.004277533
1	1	8.28201E-06	0.999975716	1.60016E-05
1	1	1.39611E-05	0.999965579	2.04601E-05
1	1	2.8895E-06	0.999972198	2.49128E-05
1	1	0.001219293	0.998617204	0.000163502
1	1	0.00097461	0.998927246	9.81441E-05
1	1	0.003641444	0.995933451	0.000425105
1	1	5.30888E-05	0.998856548	0.001090364
1	1	0.000288729	0.992901683	0.006809588
1	1	0.000133389	0.996365731	0.00350088
1	1	0.001537229	0.997828588	0.000634183
1	1	7.96802E-05	0.999810612	0.000109708
1	1	2.75041E-05	0.999922958	4.95377E-05
1	1	1.32889E-05	0.999920029	6.66817E-05
1	1	0.001042134	0.985323816	0.01363405
1	1	0.000610496	0.998762112	0.000627392
1	1	0.00056917	0.955106961	0.044323869
1	1	0.00011224	0.997930426	0.001957334
1	1	4.47961E-05	0.999510183	0.000445021
1	1	6.9316E-05	0.999565181	0.000365503
1	1	4.43456E-05	0.999503007	0.000452647
1	1	6.51319E-05	0.998904456	0.001030412
1	1	0.000110673	0.999268298	0.00062103
1	1	9.22041E-05	0.999693597	0.000214199
1	1	3.13841E-05	0.999791518	0.000177098
1	1	9.10858E-05	0.999691435	0.000217479
1	1	1.91362E-05	0.995678672	0.004302192
1	1	3.34626E-05	0.99991918	4.73577E-05
1	1	0.000180242	0.999290275	0.000529483
1	1	0.000118053	0.923505331	0.076376616
1	1	7.45202E-05	0.999759101	0.000166379
1	1	7.14229E-05	0.9990078	0.000920777
1	1	2.88481E-05	0.999933498	3.76542E-05
1	1	5.72808E-05	0.999755802	0.000186917
1	1	8.12729E-06	0.999916802	7.50705E-05
1	1	0.000913062	0.99799566	0.001091277
1	1	0.000169639	0.999462843	0.000367518
1	1	8.85764E-05	0.999854673	5.67505E-05
1	1	0.000225718	0.999677526	9.67556E-05
1	1	9.79947E-06	0.999917821	7.23799E-05
1	1	0.022599598	0.967806457	0.009593945
1	1	0.000427031	0.999247307	0.000325661
1	1	3.68262E-05	0.998800926	0.001162247
1	1	6.88807E-05	0.999664885	0.000266234
1	1	2.3172E-05	0.999732688	0.00024414
1	1	0.000150815	0.999241382	0.000607804
1	1	0.000123757	0.999109448	0.000766795
1	1	0.000156517	0.998854611	0.000988872
1	1	1.09247E-05	0.999318505	0.00067057
1	1	3.65298E-05	0.999116871	0.000846599
1	1	0.000158472	0.999764485	7.70439E-05
1	1	9.411E-07	0.999983108	1.59506E-05
1	0	0.486795768	0.436131877	0.077072356
1	1	2.37044E-05	0.999848228	0.000128068
1	1	0.000104476	0.999843933	5.15914E-05
1	1	2.89523E-05	0.999940523	3.05252E-05
1	1	5.91826E-05	0.999318016	0.000622802
1	1	1.10433E-05	0.999915248	7.37091E-05
1	1	0.000248361	0.998472833	0.001278806
1	1	0.011683329	0.987980534	0.000336137
1	1	0.000223629	0.992110071	0.0076663
1	1	0.000475507	0.998771932	0.000752561
1	1	4.4793E-05	0.961117311	0.038837896
1	1	5.88037E-05	0.999494176	0.000447021
1	1	1.76138E-05	0.999872858	0.000109528
1	1	0.001176417	0.998719026	0.000104557
1	1	8.59328E-07	0.9999844	1.47404E-05
1	1	3.09623E-05	0.999760197	0.00020884
1	1	0.001154524	0.998134497	0.000710979
1	1	6.19361E-05	0.999192752	0.000745312
1	1	8.161E-06	0.999955642	3.61966E-05
1	1	4.89561E-05	0.999412633	0.000538411
1	1	0.000105975	0.998190595	0.001703431
1	1	0.000130408	0.997364522	0.002505069
1	1	1.61481E-05	0.999189839	0.000794013
1	1	4.45536E-05	0.999882779	7.26674E-05
1	1	4.67047E-05	0.99953372	0.000419576
1	1	5.96185E-05	0.999654818	0.000285564
1	1	0.000107769	0.998185399	0.001706832
1	1	0.000153901	0.99949952	0.000346579
1	1	3.29214E-05	0.999811287	0.000155792
1	1	0.007631612	0.991976117	0.000392272
1	1	0.000288384	0.999482943	0.000228673
1	1	0.000141652	0.99976403	9.43182E-05
1	1	1.70778E-05	0.999866924	0.000115999
1	1	0.000180978	0.999364987	0.000454035
1	1	0.000191552	0.999547856	0.000260593
1	1	3.9863E-05	0.999938682	2.14548E-05
1	1	4.52867E-05	0.99970191	0.000252803
1	1	8.16835E-06	0.999956052	3.57792E-05
1	1	7.14089E-06	0.999926966	6.58933E-05
1	1	0.000313067	0.999105779	0.000581154
1	1	0.000649456	0.994142105	0.005208439
1	1	8.21578E-06	0.998747075	0.001244709
1	1	3.33514E-05	0.999490276	0.000476373
1	1	3.24646E-06	0.999954724	4.20292E-05
1	1	2.79903E-07	0.999977024	2.2696E-05
1	1	1.67547E-06	0.999981665	1.66597E-05
1	1	3.03365E-06	0.999954836	4.21302E-05
1	1	5.65682E-06	0.999950669	4.36744E-05
1	1	7.29117E-06	0.999953592	3.91173E-05
1	1	0.002147458	0.74641742	0.251435121
1	1	7.4145E-06	0.999926962	6.56237E-05
1	1	4.36603E-06	0.99994431	5.13238E-05
1	1	1.15801E-06	0.999991602	7.23986E-06
1	1	1.54356E-07	0.999997902	1.94373E-06
1	1	8.33087E-05	0.997545014	0.002371677
1	1	6.01201E-06	0.972824259	0.027169729
1	1	2.67196E-05	0.998188951	0.001784329
1	1	0.00245079	0.544359735	0.453189475
1	1	1.76223E-05	0.999953376	2.9002E-05
1	1	0.000320868	0.982179599	0.017499533
1	1	3.01485E-05	0.999526024	0.000443828
1	1	0.00058123	0.901797977	0.097620794
1	1	1.70479E-05	0.996819482	0.003163471
1	1	9.41253E-05	0.9890764	0.010829475
1	2	0.000176888	0.15682952	0.842993592
1	1	0.195841244	0.736349117	0.067809639
1	1	3.03715E-05	0.999894123	7.55054E-05
1	1	8.10969E-05	0.999834158	8.47448E-05
1	1	3.95617E-06	0.999965612	3.04314E-05
1	1	5.99311E-05	0.999685748	0.000254321
1	1	5.28071E-06	0.999949616	4.51035E-05
1	1	3.21865E-05	0.999537614	0.000430199
1	0	0.477447768	0.236076231	0.286476001
1	1	0.000184338	0.989221341	0.010594321
1	1	0.000140135	0.999295836	0.000564029
1	1	0.00023659	0.999717964	4.54462E-05
1	1	4.36321E-05	0.999882469	7.38985E-05
1	1	1.42432E-05	0.999969835	1.59217E-05
1	1	6.11328E-05	0.999239029	0.000699838
1	1	3.86995E-05	0.998717375	0.001243925
1	1	4.58859E-05	0.99954734	0.000406774
1	1	1.11836E-06	0.999951027	4.78543E-05
1	1	2.56575E-05	0.999025602	0.000948741
1	1	4.16142E-06	0.999946027	4.9812E-05
1	2	0.00036324	0.180207368	0.819429392
1	1	0.016299097	0.970498357	0.013202546
1	1	0.000107255	0.999803229	8.95157E-05
1	1	7.84903E-06	0.999978771	1.33804E-05
1	1	2.26122E-05	0.999580604	0.000396784
1	1	7.80564E-06	0.999936596	5.5598E-05
1	1	5.39308E-05	0.985596116	0.014349953
1	1	5.82701E-05	0.999078925	0.000862805
1	1	1.81784E-05	0.99822575	0.001756072
1	1	0.000116513	0.986093385	0.013790102
1	1	2.44711E-05	0.999583477	0.000392052
1	1	2.44879E-07	0.999997083	2.67221E-06
1	1	1.72589E-06	0.999929547	6.87269E-05
1	1	1.05598E-06	0.999957091	4.18532E-05
1	1	4.2387E-06	0.999946138	4.96231E-05
1	1	1.46593E-06	0.999980472	1.80617E-05
1	1	2.06548E-06	0.999953355	4.4579E-05
1	1	3.48542E-05	0.998363683	0.001601463
1	1	1.75904E-05	0.999939912	4.24977E-05
1	1	6.74857E-06	0.999919976	7.32758E-05
1	1	1.09868E-06	0.999997024	1.87744E-06
1	1	0.077018994	0.914568225	0.008412781
1	1	1.68949E-05	0.999899742	8.33635E-05
1	1	6.90231E-06	0.999945909	4.71888E-05
1	1	1.9473E-05	0.999518728	0.000461799
1	1	8.55394E-07	0.999996142	3.00268E-06
1	1	8.99515E-07	0.99999028	8.8207E-06
1	1	0.009081636	0.974431657	0.016486706
1	1	1.76591E-05	0.999938645	4.36957E-05
1	1	5.35663E-05	0.999909937	3.64967E-05
1	2	0.057162843	0.425857206	0.516979951
1	1	0.000308635	0.606378741	0.393312624
1	1	6.0469E-05	0.999820649	0.000118882
1	1	0.000294725	0.999533163	0.000172112
1	2	0.001172476	0.01355584	0.985271685
1	1	3.10075E-06	0.999932915	6.39847E-05
1	1	7.84746E-06	0.999978767	1.33857E-05
1	1	1.58327E-05	0.994580805	0.005403362
1	1	2.17498E-05	0.99989367	8.45805E-05
1	1	3.02252E-07	0.999995597	4.1009E-06
1	1	2.32253E-05	0.999929577	4.71975E-05
1	1	5.9364E-06	0.999991811	2.25286E-06
1	1	3.6387E-05	0.999602131	0.000361482
1	1	2.65041E-05	0.999888797	8.46986E-05
1	1	1.41717E-06	0.999948761	4.98221E-05
1	1	3.04312E-06	0.999971337	2.56202E-05
1	1	1.60979E-05	0.999976659	7.24265E-06
1	1	1.33411E-05	0.996242524	0.003744135
1	1	6.55926E-07	0.999982162	1.71825E-05
1	1	0.00130074	0.951208585	0.047490675
1	1	0.010197397	0.927815119	0.061987484
1	1	4.6644E-06	0.99994834	4.69958E-05
1	1	5.84914E-06	0.999984618	9.53334E-06
1	1	4.0371E-05	0.999501838	0.000457791
1	1	3.78666E-07	0.999988256	1.13657E-05
1	1	1.60736E-05	0.999969488	1.44382E-05
1	1	0.001294211	0.991779661	0.006926128
1	1	3.22931E-05	0.999541659	0.000426048
1	1	1.23626E-05	0.999966822	2.08151E-05
1	1	1.52224E-05	0.999258981	0.000725796
1	1	4.47222E-06	0.99997388	2.16474E-05
1	1	0.000322261	0.824936476	0.174741263
1	1	0.000705978	0.959227994	0.040066028
1	1	7.97487E-05	0.999170396	0.000749856
1	1	1.07849E-06	0.999955002	4.39198E-05
1	1	3.97232E-05	0.996231502	0.003728775
1	1	2.73289E-06	0.999947857	4.94103E-05
1	1	8.37831E-06	0.999836122	0.0001555
1	1	0.001705797	0.953969943	0.04432426
1	1	2.12497E-06	0.996451237	0.003546638
1	1	0.000400533	0.999385399	0.000214068
1	1	3.12171E-06	0.999969928	2.69499E-05
1	1	0.000407602	0.998780326	0.000812073
1	1	1.4529E-05	0.999938485	4.6986E-05
1	1	0.000432192	0.99835963	0.001208178
1	1	0.000224633	0.998460133	0.001315234
1	1	3.84776E-05	0.99926613	0.000695392
1	1	2.11863E-05	0.999942722	3.60914E-05
1	1	5.59204E-05	0.994832165	0.005111915
1	1	0.000307789	0.997906245	0.001785966
1	1	2.72709E-05	0.999409031	0.000563698
1	1	0.000242093	0.98571431	0.014043597
1	1	6.24254E-05	0.994277617	0.005659958
1	1	0.000171244	0.997382071	0.002446685
1	1	5.52818E-07	0.999963768	3.56794E-05
1	1	5.04472E-05	0.999416177	0.000533376
1	1	1.0065E-05	0.999953702	3.62328E-05
1	1	1.11681E-05	0.999952007	3.68245E-05
1	1	0.000730982	0.998480078	0.000788939
1	1	0.000118307	0.999669058	0.000212636
1	1	6.24478E-05	0.999421075	0.000516477
1	1	6.21418E-06	0.998025665	0.00196812
1	1	4.5558E-05	0.999277025	0.000677417
1	1	8.17948E-05	0.998603703	0.001314502
1	1	0.000230194	0.986305182	0.013464624
1	1	6.056E-05	0.999223831	0.000715609
1	1	0.000217166	0.999552285	0.000230549
1	1	9.94846E-06	0.999807156	0.000182896
1	1	3.77146E-05	0.999936977	2.53087E-05
1	1	6.48669E-05	0.994641618	0.005293515
1	1	0.000105004	0.999184833	0.000710163
1	1	9.88388E-08	0.99982491	0.000174991
1	1	0.000393624	0.999385347	0.000221029
1	2	0.000171131	0.096242557	0.903586313
1	1	0.059949606	0.786902465	0.153147929
1	1	0.442054987	0.516633787	0.041311226
1	1	0.024312888	0.845143605	0.130543507
1	1	8.53754E-05	0.999847928	6.66969E-05
1	1	1.93869E-05	0.999888419	9.21944E-05
1	1	5.64393E-05	0.999554644	0.000388917
1	1	3.24585E-05	0.997953172	0.00201437
1	1	2.49184E-05	0.999796418	0.000178664
1	1	0.000177946	0.999570569	0.000251484
1	1	6.61972E-05	0.999626959	0.000306843
1	1	5.48795E-05	0.999829508	0.000115612
1	1	3.3754E-05	0.999187257	0.000778989
1	1	0.000140593	0.999757601	0.000101806
1	1	9.05156E-06	0.999926146	6.4802E-05
1	1	8.53321E-06	0.99995502	3.64472E-05
1	1	9.38528E-05	0.999616598	0.00028955
1	1	2.05002E-05	0.999925378	5.41217E-05
1	1	0.000201132	0.999650164	0.000148704
1	1	1.63898E-05	0.999945793	3.78169E-05
1	1	9.52638E-06	0.999954295	3.61785E-05
1	1	1.00458E-05	0.999948592	4.13619E-05
1	1	0.010409576	0.9878453	0.001745125
1	1	0.000337318	0.998716319	0.000946363
1	1	6.06114E-06	0.999888049	0.00010589
1	1	0.000329626	0.999448156	0.000222218
1	1	3.00323E-05	0.999762666	0.000207301
1	1	5.54549E-05	0.99975869	0.000185855
1	1	9.5175E-05	0.999706855	0.00019797
1	1	5.46277E-06	0.999746084	0.000248454
1	1	6.25742E-05	0.99734551	0.002591916
1	1	0.002332946	0.997579532	8.75217E-05
1	1	0.001646396	0.998234934	0.00011867
1	1	0.000119464	0.999606374	0.000274161
1	1	0.001546716	0.996983032	0.001470252
1	1	0.000140931	0.99976322	9.5849E-05
1	1	2.95562E-05	0.999682406	0.000288038
1	1	2.40541E-05	0.999892866	8.308E-05
1	1	9.70652E-06	0.99998681	3.48371E-06
1	1	3.13328E-05	0.999755822	0.000212845
1	1	6.01819E-06	0.999976109	1.78729E-05
1	1	8.17472E-06	0.999936344	5.54813E-05
1	1	7.41797E-05	0.999879597	4.62236E-05
1	1	4.50704E-05	0.999914218	4.07121E-05
1	1	7.1559E-06	0.999926792	6.60517E-05
1	1	2.56093E-06	0.999961173	3.62657E-05
1	1	6.66099E-06	0.999957603	3.57363E-05
1	1	0.000134125	0.999762116	0.000103759
1	1	3.16529E-05	0.999819736	0.000148611
1	1	8.15003E-06	0.999911054	8.07955E-05
1	1	0.001739322	0.997642887	0.000617791
1	1	1.06312E-05	0.999978519	1.08503E-05
1	1	1.24733E-06	0.999993618	5.13461E-06
1	1	4.70585E-05	0.999480936	0.000472006
1	1	1.00315E-05	0.999922482	6.74869E-05
1	1	8.90069E-05	0.999703455	0.000207538
1	1	3.06694E-06	0.999969397	2.75356E-05
1	1	1.21721E-05	0.999939623	4.82044E-05
1	1	1.61362E-05	0.999951927	3.19369E-05
1	1	0.004220196	0.995038703	0.000741101
1	1	0.000264938	0.998386632	0.00134843
1	1	0.001974503	0.988725475	0.009300022
1	1	0.000163689	0.999657404	0.000178907
1	1	0.000203857	0.999708127	8.8016E-05
1	1	6.82956E-05	0.999634938	0.000296766
1	1	6.12918E-05	0.999635825	0.000302883
1	1	0.00018215	0.999718948	9.8902E-05
1	1	1.9138E-05	0.999965096	1.57663E-05
1	1	6.01859E-05	0.998928871	0.001010943
1	1	0.000163905	0.99260326	0.007232835
1	1	3.95352E-05	0.999881643	7.8822E-05
1	1	0.263742539	0.727470461	0.008787
1	1	4.12463E-06	0.999966183	2.9692E-05
1	1	0.000388495	0.999569045	4.24607E-05
1	1	7.84642E-06	0.999947082	4.50718E-05
1	1	6.2574E-06	0.999954809	3.89339E-05
1	1	2.29361E-05	0.999902764	7.43002E-05
1	1	0.000501622	0.999236639	0.000261739
1	1	5.5481E-05	0.999729927	0.000214592
1	1	0.000432503	0.999379957	0.00018754
1	1	3.31754E-05	0.999799203	0.000167622
1	1	0.024128944	0.963923675	0.011947381
1	1	0.000244538	0.975077347	0.024678115
1	1	9.88852E-06	0.999863557	0.000126555
1	1	2.66172E-05	0.999946667	2.67159E-05
1	1	9.5617E-06	0.999954469	3.59693E-05
1	1	9.68498E-05	0.999850305	5.28449E-05
1	1	7.08307E-05	0.995492351	0.004436818
1	1	0.000145258	0.995708698	0.004146044
1	1	9.25941E-06	0.999829944	0.000160797
1	1	0.050012287	0.836786293	0.11320142
1	1	5.9432E-05	0.998922835	0.001017733
1	1	2.21574E-06	0.999977713	2.00712E-05
1	1	8.17044E-05	0.999397838	0.000520457
1	1	5.94054E-05	0.999874295	6.62997E-05
1	1	4.27783E-05	0.999919519	3.77026E-05
1	1	0.000199301	0.99970498	9.57189E-05
1	1	0.00010512	0.99969119	0.000203691
1	1	3.54141E-05	0.999799377	0.000165209
1	1	0.000134932	0.999762577	0.000102491
1	1	7.59069E-05	0.999796785	0.000127308
1	1	0.002485944	0.993617658	0.003896398
1	1	0.004793776	0.81185228	0.183353944
1	1	6.28932E-05	0.999927617	9.49E-06
1	1	1.6673E-05	0.999678882	0.000304445
1	0	0.936081357	0.054505542	0.009413101
1	1	2.29984E-06	0.99992856	6.91404E-05
1	1	0.000104058	0.999038247	0.000857695
1	1	3.82667E-06	0.999983429	1.27444E-05
1	1	0.002976049	0.926391025	0.070632927
1	1	0.001004035	0.998272624	0.000723342
1	1	9.93963E-06	0.999519826	0.000470234
1	1	2.69957E-06	0.999981727	1.55738E-05
1	1	6.631E-05	0.999530809	0.000402881
1	1	0.000237585	0.969489024	0.030273391
1	1	8.8439E-06	0.998917712	0.001073444
1	1	0.000502525	0.9813108	0.018186676
1	1	7.02416E-06	0.997049179	0.002943797
1	1	9.44543E-05	0.99055101	0.009354536
1	2	0.003497023	0.218047307	0.778455669
1	1	3.25714E-06	0.999939692	5.70513E-05
1	1	7.04E-05	0.995193862	0.004735738
1	1	1.09878E-05	0.999874305	0.000114707
1	1	0.000167964	0.970869812	0.028962225
1	1	6.20142E-05	0.998953752	0.000984234
1	1	9.42504E-05	0.999644297	0.000261453
1	1	1.07516E-05	0.999941705	4.75438E-05
1	1	1.02508E-05	0.999948631	4.11185E-05
1	1	0.000191801	0.99436209	0.005446109
1	1	7.28114E-06	0.999976306	1.64132E-05
1	1	5.55706E-05	0.999343814	0.000600615
1	1	0.000859148	0.994347229	0.004793623
1	1	0.022752438	0.975424036	0.001823527
1	1	1.1894E-05	0.999821949	0.000166157
1	1	4.66869E-05	0.999853384	9.99294E-05
1	1	0.000492345	0.998370619	0.001137036
1	1	1.21632E-05	0.9998029	0.000184937
1	1	6.42905E-05	0.998602809	0.0013329
1	1	5.40827E-05	0.978831429	0.021114488
1	1	0.000807775	0.954921266	0.044270958
1	1	4.64263E-06	0.999770497	0.000224861
1	1	0.000120589	0.970712629	0.029166782
1	1	0.000256676	0.778102483	0.221640842
1	1	6.10645E-05	0.998221083	0.001717852
1	1	4.68254E-05	0.997120358	0.002832817
1	1	7.44742E-05	0.99834304	0.001582486
1	1	0.000199255	0.595875036	0.403925709
1	1	6.31132E-05	0.985623793	0.014313093
1	2	9.57746E-06	0.063857706	0.936132717
1	1	5.8176E-05	0.981535069	0.018406755
1	1	0.000653016	0.904738603	0.094608381
1	2	0.000145141	0.112050673	0.887804186
1	1	2.30193E-05	0.986810451	0.01316653
1	1	0.00034475	0.980794872	0.018860378
1	1	0.000670055	0.897581465	0.10174848
1	2	1.00537E-05	0.009612707	0.990377239
1	1	2.5674E-05	0.999569572	0.000404754
1	2	1.37734E-05	0.247271385	0.752714841
1	1	0.000169236	0.994297178	0.005533586
1	1	8.27088E-05	0.981783612	0.018133679
1	1	0.001663922	0.888094104	0.110241974
1	2	0.000205104	0.239382176	0.76041272
1	1	7.78495E-06	0.865871934	0.134120281
1	1	2.12534E-05	0.940640112	0.059338635
1	1	1.01283E-05	0.981204455	0.018785417
1	1	6.06761E-05	0.953171527	0.046767797
1	1	4.0712E-05	0.991052908	0.00890638
1	1	0.000122779	0.937323339	0.062553882
1	1	0.001032197	0.985046931	0.013920872
1	1	5.78714E-05	0.954480562	0.045461567
1	1	8.68813E-05	0.991171568	0.008741551
1	1	0.000252017	0.915291021	0.084456961
1	1	1.78167E-05	0.99932849	0.000653694
1	1	1.88743E-05	0.974717942	0.025263184
1	1	5.94236E-05	0.999380938	0.000559639
1	1	5.95075E-05	0.996397943	0.00354255
1	1	1.35598E-05	0.878797108	0.121189332
1	1	0.001279909	0.9021577	0.096562391
1	1	0.007689599	0.938580552	0.053729848
1	2	2.05759E-05	0.000566979	0.999412445
1	2	0.000941	0.410258492	0.588800508
1	2	0.000146284	0.00370468	0.996149036
1	1	9.01068E-05	0.999185745	0.000724148
1	2	8.70828E-05	0.164351009	0.835561908
1	1	3.80488E-05	0.992486582	0.007475369
1	2	0.000114021	0.00351073	0.99637525
1	1	0.000114336	0.61111606	0.388769604
1	1	6.00563E-05	0.99767392	0.002266023
1	2	0.0003439	0.105129661	0.894526439
1	1	1.99225E-05	0.998941973	0.001038105
1	2	0.000199055	0.209647436	0.790153509
1	1	0.000638332	0.652299525	0.347062143
1	2	7.33968E-05	0.116131714	0.883794889
1	1	0.000624855	0.94148984	0.057885305
1	1	1.59566E-05	0.992390362	0.007593682
1	1	0.002718362	0.989727244	0.007554394
1	1	0.000146353	0.998312285	0.001541362
1	1	3.72222E-06	0.999908622	8.76559E-05
1	1	0.000126719	0.999663665	0.000209615
1	1	9.77316E-05	0.998715102	0.001187167
1	1	0.000105184	0.911469514	0.088425302
1	1	3.33013E-05	0.99728958	0.002677119
1	1	0.000452036	0.990299042	0.009248922
1	1	7.38144E-05	0.996349637	0.003576549
1	1	3.60029E-06	0.999804645	0.000191754
1	1	1.71721E-05	0.999776908	0.00020592
1	1	0.000238933	0.90318531	0.096575757
1	1	0.000255349	0.963213157	0.036531494
1	1	8.17335E-05	0.995562902	0.004355365
1	1	5.2795E-05	0.999406639	0.000540566
1	1	0.003777602	0.911862727	0.084359671
1	2	0.02465608	0.160152028	0.815191892
1	1	8.3636E-05	0.99239221	0.007524154
1	1	0.000931533	0.989872399	0.009196068
1	1	5.90885E-06	0.791315248	0.208678843
1	2	0.033071307	0.012831025	0.954097668
1	1	0.008309862	0.950362024	0.041328114
1	1	5.70198E-05	0.997890101	0.002052879
1	1	0.000131723	0.996596785	0.003271492
1	1	0.000125854	0.998813299	0.001060847
1	1	3.72336E-05	0.992728297	0.007234469
1	1	9.74577E-05	0.9991078	0.000794742
1	1	1.4552E-06	0.999232116	0.000766429
1	1	0.001104879	0.997383572	0.00151155
1	1	0.000445153	0.94064181	0.058913038
1	1	5.10126E-06	0.999377455	0.000617444
1	1	1.46194E-05	0.993759003	0.006226378
1	1	0.000118121	0.997298624	0.002583255
1	1	0.00010284	0.984092266	0.015804894
1	1	6.69476E-05	0.998500361	0.001432691
1	1	0.000385678	0.981368287	0.018246035
1	1	0.000147294	0.903590457	0.096262249
1	1	9.30664E-05	0.999403167	0.000503767
1	1	7.90323E-06	0.998762217	0.00122988
1	2	0.007086621	0.437557746	0.555355633
1	1	4.66114E-05	0.999634818	0.000318571
1	1	0.002047024	0.672086645	0.325866331
1	2	0.005205057	0.032202064	0.962592879
1	1	0.000245062	0.965026612	0.034728326
1	1	0.000276491	0.959797716	0.039925793
1	2	1.62219E-05	0.309421871	0.690561907
1	2	0.000130161	0.203937599	0.795932241
1	1	1.49017E-06	0.997280684	0.002717826
1	2	0.000232798	0.328065734	0.671701468
1	1	1.51718E-05	0.645989607	0.353995222
1	1	0.000273462	0.677837347	0.321889191
1	1	0.000157272	0.609853584	0.389989144
1	1	0.000814436	0.997587745	0.00159782
1	1	3.59253E-06	0.999844988	0.00015142
1	1	8.08671E-05	0.99929622	0.000622913
1	1	5.06592E-05	0.999411199	0.000538142
1	1	2.78704E-05	0.991987562	0.007984567
1	2	3.00856E-05	0.089290161	0.910679753
1	1	3.32347E-05	0.998984762	0.000982003
1	1	6.16733E-05	0.994058683	0.005879644
1	1	0.001290019	0.996607418	0.002102563
1	1	0.000343829	0.987117852	0.012538319
1	1	1.77587E-05	0.999963159	1.90825E-05
1	1	0.000659061	0.999105532	0.000235407
1	0	0.984110485	0.015760994	0.000128521
1	1	0.00034064	0.998515316	0.001144044
1	1	0.000117875	0.839722432	0.160159693
1	1	0.000607888	0.998580851	0.000811261
1	1	0.000110205	0.99913069	0.000759106
1	2	0.000140446	0.002141424	0.99771813
1	1	0.000215095	0.993987418	0.005797487
1	1	6.02733E-05	0.98814993	0.011789796
1	1	3.36421E-05	0.998768634	0.001197724
1	1	2.56961E-05	0.999029347	0.000944957
1	1	0.000111423	0.999226265	0.000662312
1	1	5.3179E-05	0.992481204	0.007465617
1	1	6.8846E-05	0.995471299	0.004459855
1	1	1.07613E-06	0.999957743	4.11806E-05
1	1	6.02047E-05	0.999040375	0.00089942
1	1	0.000128071	0.999572588	0.000299341
1	1	0.000126501	0.996445781	0.003427718
1	1	4.81603E-05	0.999424874	0.000526966
1	1	3.98247E-05	0.978706459	0.021253716
1	1	8.76535E-05	0.999580925	0.000331422
1	1	5.03492E-05	0.99847381	0.001475841
1	1	5.07709E-05	0.991945019	0.00800421
1	1	0.000691838	0.870786571	0.12852159
1	2	9.46217E-06	0.000298898	0.99969164
1	1	5.24117E-05	0.999319783	0.000627805
1	1	0.000433259	0.998924776	0.000641966
1	1	0.016078579	0.971448152	0.012473269
1	1	0.00107685	0.841798336	0.157124813
1	1	0.000116363	0.999201445	0.000682192
1	1	0.002950832	0.946704773	0.050344395
1	1	4.96937E-05	0.999067701	0.000882605
1	1	2.94829E-05	0.999198807	0.00077171
1	1	1.19119E-06	0.999944637	5.41715E-05
1	1	1.55222E-05	0.999257811	0.000726667
1	1	0.000106611	0.988050427	0.011842962
1	1	1.84194E-06	0.999911426	8.67319E-05
1	2	0.000726464	0.302727674	0.696545862
1	1	7.39227E-06	0.997527883	0.002464725
1	1	0.000411327	0.997380794	0.00220788
1	1	3.93136E-05	0.999559763	0.000400923
1	1	6.25999E-05	0.999153906	0.000783495
1	1	6.54843E-06	0.997917394	0.002076057
1	1	0.001313067	0.990951852	0.007735081
1	1	0.000324158	0.994834575	0.004841267
1	1	0.000645429	0.999105655	0.000248916
1	1	0.222365369	0.756514602	0.021120029
1	2	0.000748146	0.040106662	0.959145192
1	2	0.000910578	0.10390991	0.895179512
1	1	4.40884E-05	0.999685594	0.000270317
1	1	0.000435686	0.6316069	0.367957413
1	1	4.214E-05	0.973542607	0.026415253
1	1	1.74334E-05	0.970616739	0.029365828
1	1	4.22347E-05	0.998033994	0.001923771
1	1	0.000101016	0.955295128	0.044603857
1	2	0.000129238	0.245108841	0.75476192
1	1	7.74013E-05	0.994110462	0.005812137
1	1	4.644E-05	0.995959109	0.003994451
1	1	8.75976E-05	0.996748524	0.003163878
1	1	0.000152458	0.916839886	0.083007656
1	1	0.000114115	0.989157919	0.010727966
1	1	2.22321E-05	0.986418361	0.013559407
1	1	0.000308771	0.984804896	0.014886333
1	1	0.000944693	0.979855408	0.019199899
1	1	4.38556E-05	0.984315907	0.015640237
1	2	0.000599399	0.004769644	0.994630957
1	2	0.000120189	0.317003702	0.682876109
1	1	2.17273E-05	0.982416658	0.017561614
1	2	0.004429846	0.143418203	0.852151951
1	2	0.000279062	0.073440601	0.926280338
1	1	3.10624E-05	0.917490097	0.082478841
1	2	7.21616E-05	0.156264954	0.843662885
1	2	0.001358779	0.322172302	0.676468919
1	1	8.40432E-06	0.999934965	5.66304E-05
1	1	5.44596E-06	0.999764233	0.000230321
1	1	0.013911649	0.727218203	0.258870147
1	2	0.097530363	0.088222651	0.814246986
1	1	0.000204364	0.868828576	0.13096706
1	1	0.000267492	0.966552882	0.033179626
1	2	5.55695E-05	0.129434974	0.870509457
1	2	0.000355583	0.00109582	0.998548597
1	1	6.96543E-05	0.868865941	0.131064405
1	1	8.75535E-05	0.983772543	0.016139904
1	1	0.000252079	0.992759265	0.006988656
1	2	0.006165917	0.038618709	0.955215375
1	1	3.64157E-05	0.661456679	0.338506905
1	1	4.64123E-05	0.999654312	0.000299276
1	1	3.9985E-05	0.926160815	0.0737992
1	1	4.8048E-05	0.995898191	0.004053761
1	1	4.97714E-05	0.998430723	0.001519505
1	1	0.000177347	0.713691395	0.286131258
1	1	0.000165591	0.992339937	0.007494472
1	1	9.73814E-05	0.993347276	0.006555342
1	1	6.28674E-06	0.999931439	6.22739E-05
1	1	4.18674E-05	0.987674676	0.012283457
1	1	0.000192999	0.990914325	0.008892677
1	1	0.000335793	0.916755445	0.082908762
1	1	0.000101928	0.821644395	0.178253678
1	1	0.000338581	0.993076986	0.006584433
1	2	0.000760854	0.350333901	0.648905244
1	1	3.7066E-05	0.996993876	0.002969058
1	1	0.000191108	0.987306988	0.012501905
1	2	0.37199996	0.078837892	0.549162147
1	2	0.005819092	0.154817076	0.839363832
1	0	0.574684327	0.014509751	0.410805922
1	1	7.43089E-05	0.999420301	0.00050539
1	1	0.021816427	0.613305516	0.364878057
1	1	0.000148862	0.987289305	0.012561833
1	1	3.66468E-06	0.991168721	0.008827614
1	1	1.59091E-05	0.991816791	0.0081673
1	1	4.64536E-06	0.995767841	0.004227514
1	1	0.00174135	0.582227226	0.416031424
1	1	5.06788E-05	0.995108657	0.004840664
1	1	0.001263781	0.983982312	0.014753907
1	1	3.35687E-06	0.999797802	0.000198842
1	1	0.000116712	0.971029064	0.028854224
1	1	0.000125633	0.945873054	0.054001313
1	1	0.000447537	0.553246767	0.446305696
1	2	0.302852785	0.026095081	0.671052134
1	1	3.45106E-06	0.999970818	2.57306E-05
1	1	1.85822E-05	0.994507756	0.005473662
1	1	1.27339E-06	0.999974334	2.43927E-05
1	1	5.85009E-05	0.999532324	0.000409175
1	1	2.96446E-05	0.999969148	1.20729E-06
1	1	8.68191E-06	0.999830634	0.000160684
1	1	8.74173E-05	0.989141794	0.010770788
1	1	1.54584E-05	0.99994192	4.26212E-05
1	1	2.28778E-05	0.999955288	2.18339E-05
1	1	3.03891E-06	0.999988257	8.70414E-06
1	1	8.51216E-06	0.999984735	6.75238E-06
1	1	9.6029E-06	0.999954237	3.61604E-05
1	1	6.41017E-06	0.999974636	1.89534E-05
1	1	8.44014E-05	0.999873816	4.17828E-05
1	1	2.75135E-07	0.999997021	2.70393E-06
1	1	1.59071E-05	0.999952098	3.19945E-05
1	1	1.05483E-08	0.999999299	6.90396E-07
1	1	2.28567E-05	0.999931633	4.55105E-05
1	1	4.07908E-06	0.999960695	3.52255E-05
1	1	5.90291E-06	0.999634694	0.000359403
1	1	9.00401E-06	0.999959925	3.10709E-05
1	1	5.04255E-06	0.999901584	9.33739E-05
1	1	2.54287E-07	0.999997087	2.65889E-06
1	1	6.18902E-06	0.999965747	2.80637E-05
1	1	0.001276189	0.976698808	0.022025003
1	0	0.501402724	0.496960039	0.001637236
1	1	1.7605E-06	0.999987374	1.08656E-05
1	1	2.37887E-05	0.999901725	7.44861E-05
1	1	5.8603E-05	0.962015632	0.037925765
1	1	0.000273664	0.998489887	0.00123645
1	1	2.74784E-06	0.695104053	0.3048932
1	2	4.5857E-05	3.63621E-05	0.999917781
1	2	6.82215E-05	0.09133229	0.908599489
1	1	0.022320386	0.729165298	0.248514316
1	1	6.35997E-05	0.991831626	0.008104775
1	1	0.000294225	0.960821548	0.038884227
1	1	9.62464E-05	0.976286994	0.023616759
1	1	1.26525E-05	0.997148213	0.002839135
1	1	3.47254E-05	0.959310558	0.040654717
1	1	0.001055772	0.886137885	0.112806342
1	2	0.000574973	0.362044435	0.637380592
1	1	6.37158E-05	0.999222177	0.000714107
1	1	0.00010535	0.951686152	0.048208498
1	1	4.61648E-05	0.999506898	0.000446937
1	1	0.003310056	0.826967362	0.169722581
2	2	0.000116093	0.000403264	0.999480643
2	2	0.000389563	9.47106E-05	0.999515726
2	2	0.053914569	0.006441753	0.939643678
2	2	0.001475822	0.003054192	0.995469987
2	2	0.000269589	0.001539634	0.998190777
2	2	7.35522E-05	0.00014228	0.999784168
2	2	0.000349765	0.000499527	0.999150709
2	2	0.000384021	0.00052911	0.999086869
2	0	0.934817802	0.006481498	0.0587007
2	2	0.010380705	0.071296614	0.918322681
2	2	8.1815E-05	0.000267779	0.999650406
2	2	9.66397E-05	0.000124535	0.999778825
2	2	0.415262396	0.008447838	0.576289766
2	2	0.002297032	0.00043645	0.997266518
2	2	0.000200567	0.000162983	0.99963645
2	2	0.000122171	0.000565846	0.999311983
2	2	0.009859145	0.001531273	0.988609581
2	2	0.002256366	0.000240353	0.997503281
2	0	0.738439687	0.008775287	0.252785026
2	2	0.042409128	0.001011631	0.956579241
2	2	0.038911551	0.0481293	0.91295915
2	2	0.000775263	0.000631692	0.998593044
2	2	0.000841787	0.000641062	0.998517151
2	2	0.002454015	0.00116909	0.996376895
2	2	0.021656228	0.018382388	0.959961384
2	2	0.000267959	7.86746E-06	0.999724173
2	2	0.083408265	0.008316549	0.908275186
2	2	0.000786659	0.000427945	0.998785395
2	2	0.000241703	0.000260241	0.999498056
2	2	0.000139492	6.71819E-05	0.999793327
2	2	0.000585692	0.001030082	0.998384227
2	2	0.000214545	0.000175321	0.999610133
2	2	0.000279693	0.000139016	0.999581291
2	2	0.000469983	0.001042625	0.998487392
2	2	0.00822929	0.005136129	0.986634581
2	2	0.000811549	0.000852561	0.99833589
2	2	0.000730792	0.000550061	0.998719147
2	2	0.000326641	2.34615E-05	0.999649898
2	0	0.815041817	0.005930683	0.179027499
2	2	0.007013267	0.00160112	0.991385613
2	2	0.025521612	0.001729834	0.972748554
2	2	0.014177002	0.001729308	0.98409369
2	2	0.005838208	0.001863439	0.992298353
2	2	0.002335681	0.001110159	0.99655416
2	2	0.237782874	0.004160594	0.758056532
2	2	0.000855653	0.000588611	0.998555736
2	2	0.00058879	0.002945312	0.996465897
2	2	0.000166622	0.002115879	0.9977175
2	2	7.4427E-05	1.73331E-05	0.99990824
2	2	0.000919792	0.000242293	0.998837915
2	2	0.000258785	0.000252598	0.999488617
2	2	0.006003285	0.001218971	0.992777744
2	2	0.00267391	0.000534428	0.996791662
2	2	0.00110697	0.000420894	0.998472136
2	2	0.001206906	0.000486587	0.998306507
2	2	0.000775599	0.001098098	0.998126303
2	0	0.755071471	0.010391752	0.234536777
2	2	0.011526375	0.000517854	0.987955771
2	2	0.147427728	0.032872554	0.819699718
2	0	0.910404033	0.007795047	0.08180092
2	0	0.945759458	0.002326554	0.051913988
2	2	0.001133032	0.000723176	0.998143792
2	1	0.000377894	0.74609837	0.253523737
2	2	0.000394389	0.000378924	0.999226687
2	2	0.000452099	0.000157087	0.999390814
2	2	0.000197264	0.000168367	0.999634369
2	2	0.000809251	0.000391157	0.998799592
2	2	0.000126981	0.000143458	0.999729561
2	2	0.000329347	0.001368966	0.998301688
2	2	5.61143E-05	0.000263352	0.999680534
2	2	7.23174E-05	7.30515E-05	0.999854631
2	2	0.003593956	0.000399658	0.996006386
2	2	0.00082497	0.000437356	0.998737674
2	2	0.000162218	0.000607918	0.999229864
2	2	0.00011701	0.000133762	0.999749228
2	2	0.06726051	0.018426195	0.914313295
2	1	0.052162881	0.803655873	0.144181246
2	2	0.001495705	0.024517753	0.973986542
2	2	0.000175701	0.000153083	0.999671216
2	2	0.003331584	0.000867056	0.995801361
2	2	0.000355201	0.000171981	0.999472818
2	2	0.165293888	0.242991152	0.591714959
2	2	5.35956E-06	2.30896E-05	0.999971551
2	2	0.002165206	0.001866408	0.995968386
2	2	0.00056017	0.000208981	0.999230849
2	2	0.001792186	0.00152156	0.996686254
2	2	0.123163657	0.00236982	0.874466523
2	2	0.00018293	2.67357E-05	0.999790335
2	0	0.590300754	0.007103816	0.402595429
2	2	0.061262879	0.001745732	0.936991389
2	2	0.018138946	0.001166213	0.980694841
2	2	0.074586893	0.006616488	0.918796619
2	2	0.001217322	0.000383603	0.998399075
2	2	0.004376071	0.000416425	0.995207504
2	2	0.000314426	0.000248675	0.999436899
2	2	0.000232166	0.000126337	0.999641497
2	1	0.001060859	0.666658943	0.332280199
2	2	0.01674402	0.000715868	0.982540112
2	2	0.32752859	0.011655467	0.660815943
2	2	0.000216397	0.000681102	0.999102501
2	2	0.003882185	0.000564959	0.995552856
2	2	0.000604696	0.000578724	0.998816579
2	2	0.000803339	0.001428209	0.997768452
2	2	2.13359E-05	9.66496E-05	0.999882014
2	2	0.019301159	0.002840174	0.977858667
2	2	0.01660157	0.341585246	0.641813184
2	2	0.000158644	0.194787493	0.805053863
2	2	0.006035893	0.005923478	0.988040629
2	2	0.00496176	0.00379453	0.991243711
2	2	0.000619836	0.0002361	0.999144065
2	2	0.124637616	0.30991884	0.565443544
2	2	0.046447321	0.053711051	0.899841628
2	2	0.001216651	0.00063502	0.998148329
2	2	0.006084083	0.013696988	0.98021893
2	2	0.014435591	0.001100976	0.984463433
2	2	0.001256738	0.000377879	0.998365383
2	2	2.48777E-05	1.33041E-05	0.999961818
2	2	2.58855E-08	0.000181368	0.999818606
2	2	0.000197311	0.000530851	0.999271837
2	2	0.000110395	0.000235795	0.99965381
2	2	0.001056617	0.000824624	0.998118759
2	2	0.002303478	0.001225587	0.996470935
2	2	0.002817382	0.340429527	0.656753091
2	2	0.000116731	0.030640276	0.969242993
2	2	0.000809886	0.00120471	0.997985404
2	2	0.000107705	0.000103596	0.999788699
2	2	0.000851906	0.000680806	0.998467288
2	2	0.002166756	0.000952496	0.996880747
2	2	0.007205093	0.002019173	0.990775733
2	2	7.97573E-05	4.22113E-05	0.999878031
2	2	0.000189153	0.000364985	0.999445862
2	2	2.55969E-05	1.40465E-05	0.999960357
2	2	0.002013676	0.000576466	0.997409858
2	2	0.000205341	3.28507E-05	0.999761808
2	2	1.80391E-05	0.000152298	0.999829663
2	2	0.000131468	0.000313677	0.999554854
2	0	0.609924793	0.009936707	0.3801385
2	2	0.000216928	0.000127188	0.999655884
2	2	0.000113149	9.4387E-05	0.999792464
2	2	0.042523962	0.000988534	0.956487504
2	2	0.000848313	0.000111659	0.999040028
2	2	2.66102E-05	0.000190775	0.999782615
2	2	0.000555184	0.000255009	0.999189806
2	2	4.86953E-05	0.000179394	0.999771911
2	2	0.002875631	0.001597551	0.995526818
2	2	0.001545038	0.000559646	0.997895317
2	2	0.03961269	0.019193075	0.941194235
2	2	0.000237023	0.000216883	0.999546094
2	2	0.005094766	0.001027998	0.993877236
2	2	0.000113902	0.001254436	0.998631662
2	2	0.000735946	0.00271177	0.996552284
2	2	0.000899187	0.000419679	0.998681134
2	2	0.001938601	0.000646919	0.99741448
2	2	0.00518933	0.004414985	0.990395685
2	2	0.000295227	0.050723488	0.948981285
2	2	0.002672082	0.001416739	0.995911178
2	2	0.006667135	0.002059556	0.991273309
2	2	0.000407399	0.000509278	0.999083323
2	2	8.75208E-05	0.000147036	0.999765443
2	2	0.002229719	0.028274934	0.969495347
2	2	0.04248285	0.004816755	0.952700395
2	0	0.678928734	0.008004598	0.313066668
2	0	0.956168693	0.001372501	0.042458807
2	2	0.3559129	0.011267089	0.632820011
2	2	0.028998263	0.00232016	0.968681577
2	2	3.0271E-05	0.073078637	0.926891092
2	2	0.136496444	0.003618641	0.859884915
2	2	0.000285506	0.000160351	0.999554143
2	2	0.025805935	0.008154782	0.966039283
2	2	0.007003088	0.001861442	0.99113547
2	2	0.305026096	0.028768969	0.666204935
2	2	0.001127313	0.000489798	0.99838289
2	2	0.001160204	0.000397682	0.998442114
2	2	0.000334154	0.000273719	0.999392127
2	2	0.004143454	0.004345886	0.99151066
2	2	2.99569E-05	2.24134E-05	0.99994763
2	2	0.000361136	9.45808E-05	0.999544283
2	2	0.129082874	0.053659291	0.817257835
2	2	0.005652446	0.003670722	0.990676832
2	2	0.000151129	0.000225661	0.99962321
2	2	0.001464701	0.003128805	0.995406494
2	2	0.152216134	0.007784242	0.839999624
2	2	0.002633097	0.004237869	0.993129034
2	2	0.000185394	4.38634E-05	0.999770743
2	2	0.031342574	0.00196792	0.966689506
2	2	0.003600175	0.002652977	0.993746848
2	2	0.000140005	0.000293294	0.999566701
2	2	0.000585519	0.000325903	0.999088578
2	2	0.007063363	0.030160143	0.962776494
2	2	0.002109382	0.001643939	0.99624668
2	2	0.283709936	0.001383135	0.714906929
2	2	0.001088068	0.000562088	0.998349844
2	0	0.536959532	0.060166922	0.402873546
2	2	0.000742894	0.000114132	0.999142974
2	2	0.025388968	0.010492018	0.964119014
2	2	0.001881839	0.000421451	0.99769671
2	2	0.096508402	0.003639805	0.899851793
2	2	0.011952896	0.002030077	0.986017027
2	2	0.003773892	0.009091198	0.98713491
2	2	0.000544619	7.97491E-05	0.999375632
2	2	0.00218801	0.001966376	0.995845614
2	1	0.000467903	0.979171394	0.020360703
2	0	0.619529405	0.062499601	0.317970994
2	0	0.99201609	0.005385657	0.002598253
2	0	0.925627004	0.00369238	0.070680615
2	2	6.43373E-05	7.06702E-06	0.999928596
2	2	0.25642968	0.086786795	0.656783525
2	2	0.038125173	0.017640101	0.944234725
2	2	0.000337784	0.000165274	0.999496941
2	2	0.000772062	0.006149738	0.993078201
2	2	0.001168205	0.000716748	0.998115047
2	2	0.004082345	0.002976272	0.992941382
2	2	0.006458483	0.000974622	0.992566895
2	2	0.003336956	0.000751006	0.995912038
2	2	0.002070528	0.00057776	0.997351712
2	2	0.025783094	0.010768433	0.963448473
2	2	0.001655952	0.000620504	0.997723544
2	2	0.00185162	0.003329296	0.994819084
2	2	0.000440488	0.000785393	0.998774119
2	2	0.000926181	0.000613064	0.998460754
2	2	0.005655937	0.00156738	0.992776683
2	2	0.263694977	0.056440842	0.679864181
2	2	0.009152832	0.002668625	0.988178542
2	2	0.001153423	0.000466841	0.998379736
2	2	0.155474927	0.008227519	0.836297554
2	2	0.029183818	0.000507385	0.970308797
2	2	0.000721149	0.00014353	0.999135321
2	0	0.910206776	0.005198509	0.084594715
2	0	0.892614933	0.028770636	0.078614431
2	2	0.261082328	0.014378525	0.724539146
2	0	0.655532684	0.008354064	0.336113252
2	2	0.108495214	0.004716684	0.886788102
2	2	0.001495995	0.028508199	0.969995805
2	0	0.785018796	0.001807433	0.213173771
2	0	0.991064615	0.001106033	0.007829352
2	2	0.289106955	0.021717029	0.689176016
2	2	0.002323063	0.001737394	0.995939543
2	2	0.084391323	0.003950984	0.911657694
2	0	0.653800759	0.047271267	0.298927974
2	0	0.52070654	0.034376962	0.444916498
2	2	0.005369283	0.001170223	0.993460494
2	2	0.009190358	0.001749719	0.989059923
2	2	0.001349871	0.007754776	0.990895353
2	0	0.998125525	0.001592777	0.000281698
2	2	0.004499936	0.014116765	0.981383299
2	2	0.042025871	0.235352741	0.722621387
2	2	0.175124764	0.11853386	0.706341376
2	2	0.006752716	0.010507033	0.982740251
2	2	0.017471271	0.055432045	0.927096684
2	0	0.513985062	0.004376259	0.481638679
2	2	0.008115969	0.004623877	0.987260154
2	2	0.15821156	0.004948246	0.836840194
2	0	0.60475874	0.00117085	0.394070411
2	2	0.032887935	0.002712324	0.964399741
2	2	0.000392442	0.000327959	0.999279598
2	0	0.998247948	0.000693712	0.00105834
2	2	0.006895018	0.003605639	0.989499343
2	2	0.028000725	0.004678279	0.967320996
2	2	0.020876578	0.008607448	0.970515974
2	2	4.87865E-05	0.000107206	0.999844007
2	2	4.09108E-05	7.65384E-05	0.999882551
2	2	0.000183869	0.000100487	0.999715644
2	2	0.007556315	0.004343948	0.988099737
2	2	0.00482897	0.001969803	0.993201227
2	2	0.044104993	0.003316046	0.952578961
2	0	0.760069853	0.005956067	0.23397408
2	2	0.027412867	0.00489646	0.967690674
2	2	0.001108135	0.000567156	0.998324709
2	2	0.460274382	0.043355033	0.496370585
2	2	0.254066725	0.058615369	0.687317906
2	2	0.06024483	0.048779823	0.890975347
2	2	0.000314895	0.003948292	0.995736814
2	2	0.198653678	0.104780009	0.696566313
2	2	0.000124656	0.000130694	0.999744651
2	2	0.000427207	0.012925634	0.986647159
2	2	8.47401E-05	0.000236912	0.999678348
2	1	0.000350803	0.71106973	0.288579467
2	2	0.000126715	0.000341157	0.999532128
2	0	0.857074695	0.010988234	0.131937071
2	2	0.000374879	0.000433244	0.999191877
2	2	0.006104269	0.001930132	0.991965599
2	2	0.000564246	0.000554735	0.998881018
2	2	0.247970704	0.009464147	0.742565149
2	2	0.000261229	5.13979E-05	0.999687373
2	2	0.065267963	0.146335408	0.788396629
2	2	0.145892145	0.016485276	0.837622579
2	2	0.001032172	0.217819213	0.781148615
2	0	0.974977761	0.003393679	0.02162856
2	0	0.878554151	0.013591948	0.107853901
2	1	0.000156957	0.933852065	0.065990978
2	2	2.81254E-05	8.89486E-06	0.99996298
2	2	0.03124743	0.127630215	0.841122355
2	2	0.001687315	0.001623913	0.996688772
2	2	0.088213844	0.00567326	0.906112896
2	2	0.000266387	0.000193533	0.999540079
2	0	0.987760925	0.001225367	0.011013708
2	2	0.041185856	0.02973411	0.929080034
2	2	0.001666575	0.004101164	0.994232261
2	2	0.001698219	0.000774049	0.997527732
2	2	0.001648173	0.000537174	0.997814652
2	2	0.00268459	0.000637327	0.996678083
2	2	0.034707871	0.046677698	0.918614432
2	0	0.715261888	0.00999164	0.274746472
2	0	0.987929016	0.002102676	0.009968308
2	0	0.969991845	0.001690438	0.028317717
2	2	0.006573197	0.003233291	0.990193512
2	2	0.023529119	0.001274608	0.975196273
2	0	0.506902287	0.008064069	0.485033644
2	2	8.23105E-05	2.91513E-05	0.999888538
2	2	0.018559511	0.000626932	0.980813557
2	2	0.000265673	0.000278987	0.99945534
2	2	0.311069239	0.01433373	0.674597031
2	2	0.017859804	0.002238157	0.979902039
2	2	0.000330256	0.002606775	0.997062968
2	2	0.016326643	0.001862833	0.981810524
2	2	0.001307808	0.000692915	0.997999277
2	2	0.001125308	0.000471497	0.998403195
2	2	0.000303276	0.000164851	0.999531873
2	2	0.001557234	0.003175646	0.99526712
2	2	0.433660217	0.115973454	0.450366329
2	2	0.003154226	0.001347759	0.995498015
2	2	0.005188384	0.008056042	0.986755574
2	2	0.000439773	0.000911743	0.998648484
2	2	0.012337527	0.108521206	0.879141267
2	2	0.003302463	0.002666239	0.994031298
2	2	0.041627449	0.00447166	0.953900891
2	2	0.44352831	0.004960773	0.551510917
2	2	0.071762438	0.002619966	0.925617597
2	0	0.821261993	0.029693916	0.149044091
2	2	0.03796314	0.004929392	0.957107468
2	2	0.000473598	0.000578338	0.998948065
2	2	0.012659557	0.00098927	0.986351172
2	2	0.32504205	0.004101918	0.670856033
2	0	0.998159456	0.001161036	0.000679508
2	0	0.998544243	0.000115048	0.001340709
2	0	0.832211742	0.018826904	0.148961354
2	0	0.669282435	0.006535221	0.324182344
2	2	0.001038664	0.000679727	0.998281609
2	2	0.031852063	0.001337767	0.966810169
2	2	0.008859222	0.002076864	0.989063914
2	2	0.001541692	0.000231328	0.99822698
2	1	0.041866063	0.953248418	0.004885519
2	2	0.000397549	0.000295603	0.999306848
2	0	0.94508217	0.003991918	0.050925912
2	2	0.001261855	0.000308999	0.998429145
2	2	0.018504325	0.035247849	0.946247826
2	2	0.001164954	0.000507267	0.998327779
2	0	0.658645889	0.038156115	0.303197996
2	2	0.009022762	0.003700435	0.987276803
2	2	9.436E-05	9.86736E-05	0.999806966
2	2	4.16138E-05	3.77857E-05	0.999920601
2	2	0.000556707	0.000213607	0.999229685
2	0	0.83236222	0.002121806	0.165515974
2	2	0.002088547	0.003184097	0.994727356
2	2	0.003832064	0.002896791	0.993271144
2	2	0.000882683	0.130753148	0.868364169
2	2	0.000198721	0.000207557	0.999593722
2	2	0.00685535	0.001039177	0.992105472
2	2	0.052623908	0.00087649	0.946499601
2	2	0.015654984	0.00499476	0.979350256
2	2	0.003425113	0.000687176	0.995887711
2	2	0.215267554	0.0079334	0.776799047
2	0	0.554749723	0.012345814	0.432904463
2	2	0.204337566	0.008075812	0.787586623
2	0	0.920702337	0.003426491	0.075871171
2	2	0.000993502	0.000778942	0.998227556
2	2	0.004267342	0.002970384	0.992762274
2	2	0.006719011	0.001164091	0.992116898
2	2	0.000841855	0.000559872	0.998598273
2	2	0.002619519	0.001337351	0.996043131
2	0	0.633829344	0.005422624	0.360748033
2	2	0.000455692	3.85947E-05	0.999505714
2	2	0.282735756	0.004954582	0.712309663
2	2	0.016201905	0.001957619	0.981840476
2	2	0.138511255	0.03758675	0.823901995
2	0	0.611983795	0.050300037	0.337716168
2	2	0.000543565	0.000216795	0.99923964
2	2	0.000747913	0.00017528	0.999076806
2	2	0.001494639	0.000174503	0.998330858
2	2	7.64532E-06	8.86662E-06	0.999983488
2	2	0.000390281	0.000552011	0.999057708
2	2	0.000124222	1.37642E-05	0.999862013
2	2	0.035213231	0.037167023	0.927619746
2	2	0.005584618	0.01062188	0.983793502
2	2	0.001176892	0.000799536	0.998023572
2	2	0.037494394	0.002833723	0.959671883
2	2	0.00040246	0.000811671	0.998785869
2	2	0.066447624	0.02403507	0.909517306
2	0	0.981309577	0.001607352	0.017083071
2	2	0.001692115	0.000581339	0.997726546
2	2	0.317465279	0.007429573	0.675105148
2	2	0.048346545	0.000576716	0.951076739
2	1	0.02153571	0.93984266	0.03862163
2	2	0.018946094	0.002576412	0.978477494
2	2	0.000956715	0.000347966	0.998695319
2	2	0.000221185	0.000190471	0.999588344
2	1	0.005582898	0.987926158	0.006490944
2	0	0.953216428	0.015111287	0.031672284
2	2	0.00176494	0.001069848	0.997165213
2	2	0.000517529	0.00062626	0.99885621
2	2	0.000558341	0.000981586	0.998460073
2	2	0.014107994	0.002958379	0.982933627
2	2	0.015386601	0.0739284	0.910684999
2	0	0.871251504	0.006637469	0.122111027
2	2	0.002787245	0.003991446	0.99322131
2	2	0.000139953	6.53662E-05	0.999794681
2	2	0.000966788	0.00016433	0.998868882
2	0	0.531413169	0.007936242	0.460650589
2	2	0.000303348	0.000227052	0.9994696
2	2	0.176492828	0.018798559	0.804708613
2	0	0.993502664	0.000880678	0.005616658
2	2	0.083627059	0.251984391	0.66438855
2	2	0.020088481	0.092466513	0.887445006
2	2	0.008194582	0.001836889	0.98996853
2	2	0.376082589	0.026504347	0.597413063
2	0	0.888128324	0.004862323	0.107009353
2	0	0.949241094	0.002995355	0.047763551
2	0	0.542585098	0.005476931	0.45193797
2	2	0.004903491	0.003865718	0.991230791
2	2	0.019288052	0.00126717	0.979444778
2	2	0.313365237	0.003447224	0.683187538
2	2	0.003007303	0.001095974	0.995896723
2	2	0.007239973	0.001658009	0.991102018
2	2	0.041704543	0.009484037	0.94881142
2	2	0.000388847	0.000334651	0.999276502
2	2	0.28264875	0.179649003	0.537702247
2	2	0.036450084	0.001906452	0.961643464
2	2	0.440088451	0.003907414	0.556004135
2	2	0.014904858	0.000345725	0.984749417
2	0	0.583616659	0.012007655	0.404375686
2	0	0.783334427	0.006065759	0.210599814
2	2	0.012431941	0.001851265	0.985716794
2	2	0.000519037	0.001415127	0.998065836
2	2	0.004238737	0.001136627	0.994624635
2	2	0.001129558	9.89665E-05	0.998771476
2	2	0.001848616	0.000566565	0.997584819
2	2	0.000425239	0.000334237	0.999240524
2	2	0.479800565	0.008483054	0.511716381
2	2	0.01038419	0.013301602	0.976314208
2	0	0.806465757	0.033360129	0.160174114
2	2	0.057424311	0.314809519	0.627766169
2	2	0.000317167	0.000864394	0.998818439
2	2	0.0002119	0.001282178	0.998505922
2	0	0.995664659	0.001772003	0.002563339
2	1	0.000646947	0.533900667	0.465452386
2	2	0.01204816	0.007011221	0.980940619
2	2	0.00020713	5.57818E-05	0.999737088
2	0	0.565761983	0.065246569	0.368991447
2	2	0.261988237	0.044478219	0.693533544
2	0	0.990445365	0.00422515	0.005329486
2	1	0.000883549	0.523842577	0.475273874
2	2	0.006673221	0.015627038	0.977699741
2	2	0.164197712	0.003769986	0.832032302
2	0	0.980311452	0.011389255	0.008299293
2	0	0.9658196	0.001847765	0.032332634
2	0	0.880869882	0.013090803	0.106039315
2	2	0.462394808	0.002523682	0.535081509
2	0	0.589439049	0.007788679	0.402772272
2	2	0.001223395	0.000699864	0.998076741
2	2	0.006823009	0.134922515	0.858254476
2	0	0.994484236	0.003109383	0.002406382
2	2	0.429870559	0.009318337	0.560811105
2	2	0.003080001	0.000140034	0.996779965
2	2	0.079545895	0.030976664	0.889477441
2	2	0.015349465	0.005798392	0.978852143
2	2	0.004885998	0.009885545	0.985228457
2	0	0.440812674	0.158684826	0.4005025
2	2	0.022785263	0.007391376	0.969823361
2	2	0.167887637	0.007102842	0.825009522
2	2	0.09508784	0.115411164	0.789500996
2	0	0.99143656	0.000519211	0.008044229
2	2	0.000247569	0.000273196	0.999479235
2	2	0.05138197	0.00823495	0.94038308
2	2	0.008304268	0.001334651	0.990361081
2	2	0.259023169	0.12757667	0.613400161
2	0	0.750601079	0.007946045	0.241452876
2	2	0.012924567	0.001791458	0.985283975
2	2	0.050584	0.003517447	0.945898553
2	2	0.011113233	0.005466489	0.983420278
2	2	0.062329165	0.177510445	0.76016039
2	0	0.694953922	0.044169988	0.26087609
2	2	0.004635932	0.004638715	0.990725353
2	2	0.001594552	0.000565861	0.997839588
2	2	0.05158387	0.006977628	0.941438502
2	2	0.000667206	0.000942937	0.998389857
2	0	0.619651245	0.056247231	0.324101524
2	2	0.008086313	0.000756746	0.991156941
2	2	0.028704662	0.001330772	0.969964566
2	2	0.003741307	0.000270857	0.995987836
2	2	0.010381319	0.230006579	0.759612103
2	2	0.018749589	0.011564867	0.969685543
2	2	0.036946679	0.421481454	0.541571867
2	0	0.834460415	0.011349632	0.154189953
2	2	0.002524724	0.005069953	0.992405323
2	2	4.2948E-06	1.69436E-06	0.999994011
2	2	0.430456909	0.005490653	0.564052438
2	2	0.013380385	0.181742317	0.804877298
2	2	0.030571927	0.016363973	0.9530641
2	2	0.00064109	0.000898988	0.998459923
2	2	0.006516934	0.002988896	0.990494171
2	2	0.003553318	0.025684345	0.970762337
2	2	0.014188916	0.064165204	0.92164588
2	2	0.001993634	0.001197408	0.996808958
2	2	0.000160139	0.000508844	0.999331017
2	2	0.000735336	0.00034714	0.998917524
2	2	0.366593691	0.068955	0.564451309
2	2	0.005069005	0.001420551	0.993510444
2	2	0.083997602	0.005143266	0.910859132
2	2	0.000571176	0.000341859	0.999086966
2	1	0.004935553	0.959934124	0.035130323
2	2	0.000689676	0.000598258	0.998712066
2	1	0.000677982	0.986304896	0.013017122
2	2	0.002583358	0.002866782	0.994549859
2	2	0.00658668	0.005149756	0.988263564
2	2	0.017871828	0.003623446	0.978504726
2	0	0.9973003	0.000501251	0.002198449
2	2	0.290435346	0.285968307	0.423596347
2	2	0.122232065	0.004343678	0.873424257
2	2	0.003979433	0.01456235	0.981458216
2	2	0.001094786	0.00030046	0.998604754
2	2	0.216964019	0.010536354	0.772499628
2	2	0.001072303	0.001171762	0.997755935
2	2	0.008259508	0.004844117	0.986896375
2	2	0.263856873	0.005294173	0.730848954
2	2	0.001962869	0.000382666	0.997654465
2	0	0.846370538	0.021674951	0.131954511
2	2	0.019548032	0.004147371	0.976304597
2	2	0.000810642	0.001171367	0.998017991
2	2	0.06548878	0.003772277	0.930738943
2	2	0.270127435	0.010273768	0.719598797
2	2	0.021577476	0.015040551	0.963381973
2	0	0.472762074	0.382562579	0.144675347
2	0	0.769116139	0.011430006	0.219453855
2	2	0.000873192	0.000680383	0.998446425
2	2	0.088684928	0.021965872	0.8893492
2	0	0.581874971	0.027692333	0.390432695
2	2	0.000447438	0.000225752	0.99932681
2	2	0.000662238	0.000423107	0.998914655
2	0	0.707731993	0.015116177	0.277151831
2	2	0.004644868	0.001031344	0.994323788
2	2	0.461867882	0.007176264	0.530955854
2	2	0.190501454	0.012653829	0.796844718
2	2	0.011781353	0.008252515	0.979966132
2	2	0.00032584	0.000176745	0.999497415
2	0	0.904701788	0.004784136	0.090514076
2	2	0.378145476	0.011537227	0.610317296
2	2	0.002063229	0.000616111	0.997320659
2	2	0.002485092	0.000755111	0.996759796
2	0	0.79074222	0.007357881	0.201899899
2	2	0.279389999	0.007590585	0.713019416
2	2	0.081283932	0.003510816	0.915205252
2	2	0.000210993	0.000873602	0.998915404
2	2	0.021006351	0.007898121	0.971095528
2	2	0.14796204	0.002786136	0.849251824
2	2	0.007250091	0.001453121	0.991296788
2	2	0.000674891	0.00038408	0.998941029
2	2	0.000313827	5.39762E-05	0.999632197
2	2	0.000124061	0.000509473	0.999366466
2	2	0.014274115	0.00602458	0.979701306
2	2	0.001683472	0.00011189	0.998204638
2	2	0.000971647	0.000345707	0.998682646
2	2	0.048117972	0.002457773	0.949424254
2	2	0.166232441	0.009671535	0.824096024
2	0	0.704267938	0.056517983	0.239214079
2	0	0.977808631	0.002501308	0.019690061
2	2	0.00793571	0.00090735	0.99115694
2	0	0.862817613	0.009352123	0.127830265
2	0	0.865828714	0.008183231	0.125988055
2	0	0.487759003	0.073319121	0.438921876
2	2	0.001625206	0.024936545	0.973438249
2	2	0.018306196	0.001510498	0.980183305
2	2	0.00266418	0.000988068	0.996347752
2	0	0.989423565	0.003412764	0.007163671
2	0	0.691928959	0.004145334	0.303925708
2	2	0.000986177	0.002383048	0.996630775
2	2	0.040157913	0.025708444	0.934133642
2	2	0.005427254	0.001967243	0.992605502
2	2	0.018697796	0.016613334	0.96468887
2	2	0.023877164	0.002306711	0.973816126
2	0	0.991124841	0.000445633	0.008429526
2	2	0.081579046	0.258597408	0.659823545
2	0	0.80886651	0.008069842	0.183063648
2	2	0.301602614	0.023736413	0.674660973
2	0	0.561431782	0.009639703	0.428928515
2	0	0.417886902	0.412365803	0.169747294
2	2	0.153995169	0.005568475	0.840436356
2	2	0.337383911	0.004341941	0.658274148
2	2	0.001700946	0.025201029	0.973098025
2	2	0.000418528	0.000846529	0.998734942
2	1	0.007218865	0.945106585	0.04767455
2	2	0.002321784	0.000593295	0.997084921
2	0	0.98406408	0.002002489	0.01393343
2	2	0.007278367	0.005191936	0.987529697
2	2	0.000861007	0.002242401	0.996896593
2	2	0.005023266	0.002721492	0.992255241
2	2	0.002285561	0.00403825	0.993676189
2	0	0.590567126	0.004758266	0.404674608
2	2	0.000479244	0.001619883	0.997900873
2	0	0.723459859	0.005424605	0.271115536
2	2	0.021142861	0.059382661	0.919474478
2	2	0.003106835	0.00183181	0.995061356
2	2	0.038639476	0.021271634	0.940088891
2	0	0.984560081	0.002283695	0.013156224
2	0	0.958781773	0.010768912	0.030449315
2	0	0.867672892	0.006032821	0.126294287
2	0	0.918240822	0.006611164	0.075148014
2	2	0.000483157	0.00038604	0.999130803
2	2	0.003778656	0.000399584	0.995821761
2	2	0.001282124	0.000453445	0.998264431
2	0	0.984258554	0.001398064	0.014343382
2	2	0.132918954	0.032324956	0.83475609
2	2	0.267428559	0.006642261	0.72592918
2	2	0.259412988	0.039857928	0.700729083
2	2	0.000993376	0.000706561	0.998300063
2	2	0.000466457	0.000276986	0.999256557
2	2	0.00028998	0.000509949	0.999200072
2	2	0.21498138	0.121370933	0.663647688
2	2	0.008476402	0.002334006	0.989189593
2	2	0.000190773	0.00053608	0.999273147
2	2	0.001318025	0.001398828	0.997283147
2	2	0.280028071	0.002244516	0.717727414
2	2	0.000851305	8.79854E-05	0.999060709
2	2	0.011477657	0.001687929	0.986834414
2	0	0.755051563	0.019004695	0.225943743
2	0	0.842034582	0.01235698	0.145608438
2	2	0.000436587	0.00148384	0.998079573
2	2	0.118015404	0.004977437	0.877007159
2	2	0.048989266	0.001923028	0.949087706
2	2	0.013421054	0.005037071	0.981541875
2	2	0.000799254	0.000632056	0.99856869
2	2	0.03503224	0.013154564	0.951813195
2	2	0.004752704	0.001171299	0.994075997
2	0	0.677801037	0.021215961	0.300983001
2	2	0.000154916	0.000272022	0.999573062
2	0	0.938776113	0.002568641	0.058655246
2	2	0.066753927	0.003312533	0.92993354
2	0	0.703456489	0.019546691	0.27699682
2	2	0.000706678	0.068423698	0.930869624
2	2	0.008944983	0.005117637	0.98593738
2	0	0.995564507	0.001149365	0.003286128
2	2	0.002586122	0.027934411	0.969479467
2	0	0.507024808	0.046421371	0.446553821
2	2	0.003780491	0.002004218	0.994215292
2	2	0.000604466	6.00601E-05	0.999335474
2	2	0.058261035	0.019934134	0.921804831
2	0	0.865780082	0.00722705	0.126992868
2	2	0.021559415	0.003367305	0.97507328
2	2	0.01129714	0.002413673	0.986289187
2	2	0.009421688	0.002645908	0.987932404
2	2	0.013047032	0.010271373	0.976681595
2	0	0.990983942	0.001073794	0.007942264
2	0	0.977520007	0.001328325	0.021151668
2	2	0.005522701	0.000845157	0.993632142
2	0	0.938820244	0.005594165	0.055585592
2	2	0.016491951	0.006521944	0.976986106
2	2	0.058197513	0.00334024	0.938462247
2	2	0.000153358	0.000284142	0.999562501
2	2	0.000291796	0.000162253	0.999545951
2	2	0.001621818	0.001381193	0.996996989
2	2	0.004505452	0.00293377	0.992560778
2	2	0.002538928	0.000768928	0.996692144
2	2	0.00223512	0.000720864	0.997044016
2	2	0.001019476	0.000246372	0.998734152
2	2	0.005580663	0.002037875	0.992381462
2	2	0.034196729	0.018205614	0.947597657
2	2	0.002862752	0.002594213	0.994543035
2	0	0.997510304	0.000679813	0.001809883
2	1	0.004590284	0.875103302	0.120306414
2	0	0.778700388	0.004878444	0.216421168
2	2	0.003410744	0.000406907	0.996182349
2	2	0.002386843	0.001489249	0.996123908
2	0	0.544219266	0.145104218	0.310676516
2	2	0.001154866	0.000214828	0.998630305
2	2	0.000487196	0.000255895	0.999256909
2	2	0.000487099	5.55325E-05	0.999457368
2	0	0.852517893	0.011951947	0.13553016
2	0	0.752491401	0.018332759	0.22917584
2	2	0.048164046	0.01546397	0.936371983
2	2	0.003407469	0.001067874	0.995524657
2	2	0.020311861	0.00413466	0.97555348
2	2	0.001378074	0.002981083	0.995640844
2	0	0.974866193	0.017707712	0.007426096
2	2	0.01947575	0.001584502	0.978939748
2	2	0.228238405	0.004221501	0.767540094
2	0	0.904358287	0.004398773	0.09124294
2	0	0.949748141	0.003169573	0.047082286
2	2	0.023130698	0.00457296	0.972296343
2	2	0.014103928	0.119923415	0.865972657
2	2	0.002549163	0.001433136	0.996017701
2	2	0.044372214	0.103349191	0.852278595
2	2	0.000363728	0.001038474	0.998597798
2	2	0.000837297	0.000992948	0.998169755
2	2	0.059150961	0.002715002	0.938134037
2	2	0.000101241	0.000104994	0.999793765
2	2	0.061049352	0.004571231	0.934379417
2	0	0.947443784	0.001701768	0.050854449
2	2	0.081483474	0.002989183	0.915527342
2	0	0.962889511	0.003821101	0.033289388
2	2	0.002283507	0.000954195	0.996762299