0	0	0.968591309	0.002010217	0.029398474
0	0	0.942326829	0.006875416	0.050797755
0	0	0.993514425	0.000116536	0.006369039
0	0	0.997850002	0.000253701	0.001896297
0	0	0.992730933	0.001702605	0.005566462
0	0	0.986474396	0.000517957	0.013007646
0	0	0.990098041	0.000154526	0.009747433
0	0	0.995539702	0.000387277	0.004073021
0	0	0.989067563	0.000180751	0.010751687
0	0	0.992160398	0.000177512	0.00766209
0	0	0.99787381	7.19076E-05	0.002054283
0	0	0.995689695	0.000875584	0.003434721
0	0	0.896981623	0.007201832	0.095816545
0	0	0.98655441	0.000319282	0.013126308
0	0	0.965591363	0.000558579	0.033850058
0	0	0.857867714	0.049498873	0.092633413
0	0	0.980684871	0.000590286	0.018724844
0	0	0.973587413	0.006671786	0.019740801
0	0	0.734638863	0.007536659	0.257824478
0	0	0.848805358	0.002583978	0.148610665
0	0	0.91976162	0.001422498	0.078815882
0	0	0.99072867	0.00015433	0.009116999
0	0	0.901335549	0.000388671	0.09827578
0	0	0.993494082	0.000182069	0.006323849
0	0	0.985352281	0.000362874	0.014284846
0	0	0.996661175	8.79938E-05	0.003250832
0	0	0.974222966	0.000339134	0.0254379
0	0	0.984113674	0.000494426	0.0153919
0	0	0.996775326	4.70768E-05	0.003177597
0	0	0.999223603	2.63517E-05	0.000750045
0	0	0.970849054	0.000368347	0.028782599
0	0	0.985893975	0.000320091	0.013785934
0	0	0.999538694	5.05182E-06	0.000456254
0	2	0.065399918	0.033856161	0.900743921
0	2	0.348477923	0.001845361	0.649676716
0	0	0.966972579	0.000801532	0.032225889
0	0	0.996405688	5.49218E-05	0.00353939
0	0	0.978402218	0.000407963	0.021189819
0	0	0.972569004	0.000991973	0.026439022
0	0	0.939309842	0.000545935	0.060144223
0	0	0.954775909	0.008754577	0.036469513
0	0	0.961577808	0.00046817	0.037954022
0	0	0.98500505	0.003818077	0.011176873
0	0	0.95676348	0.001404746	0.041831775
0	0	0.980332942	0.003063911	0.016603147
0	0	0.990952795	0.000250591	0.008796614
0	0	0.967852554	0.001379305	0.030768141
0	0	0.985706483	0.002445522	0.011847995
0	0	0.974503543	0.00042254	0.025073917
0	0	0.986903778	0.001160061	0.011936161
0	0	0.995128045	9.65853E-05	0.00477537
0	0	0.966761818	0.000460359	0.032777823
0	0	0.997289608	4.36934E-05	0.002666699
0	0	0.992632698	0.000186143	0.007181158
0	0	0.982407387	0.000256252	0.017336361
0	0	0.937083325	0.000932927	0.061983747
0	0	0.960999221	0.011324558	0.027676221
0	0	0.96486108	0.000638065	0.034500856
0	0	0.962395598	0.000655882	0.03694852
0	0	0.983801864	0.000259844	0.015938292
0	0	0.983270424	0.000270383	0.016459193
0	0	0.975935098	0.000635398	0.023429504
0	0	0.998546352	4.12337E-05	0.001412414
0	0	0.998230745	7.44211E-05	0.001694833
0	0	0.892933827	0.003520533	0.103545639
0	0	0.987078723	0.000306741	0.012614536
0	0	0.942177341	0.012978492	0.044844167
0	0	0.998515033	4.08916E-05	0.001444075
0	0	0.988013219	0.000333403	0.011653378
0	0	0.964573062	0.000253697	0.035173241
0	0	0.988774506	0.000224712	0.011000781
0	0	0.980756668	0.000606788	0.018636544
0	0	0.93278061	0.001178768	0.066040621
0	0	0.975787791	0.000322564	0.023889646
0	0	0.985222162	0.002273606	0.012504232
0	0	0.998700915	0.000261024	0.001038062
0	0	0.990059442	0.000150524	0.009790035
0	0	0.980656223	0.011828619	0.007515157
0	0	0.996894521	5.82125E-05	0.003047267
0	0	0.883736685	0.007534249	0.108729066
0	0	0.768965829	0.000396828	0.230637343
0	0	0.973427978	0.000757845	0.025814177
0	0	0.980448284	0.000392001	0.019159715
0	0	0.99746484	6.68915E-05	0.002468269
0	0	0.924036332	0.001601197	0.074362471
0	0	0.994678648	4.87729E-05	0.00527258
0	0	0.978096596	0.00078577	0.021117634
0	0	0.998149917	4.89725E-05	0.001801111
0	0	0.975535983	0.0002777	0.024186317
0	0	0.998894818	0.000124052	0.00098113
0	0	0.964762008	0.000861209	0.034376784
0	0	0.985182359	0.000214644	0.014602997
0	0	0.969708723	0.000944118	0.029347159
0	0	0.999387963	9.89172E-06	0.000602145
0	0	0.995967352	0.001903729	0.002128919
0	0	0.984970201	0.000228553	0.014801246
0	0	0.976632224	0.000452354	0.022915422
0	0	0.942322693	0.000688905	0.056988402
0	0	0.990183393	0.000260407	0.0095562
0	0	0.975422951	0.000615003	0.023962046
0	0	0.992788211	0.000194216	0.007017572
0	0	0.825101166	0.000715915	0.174182919
0	0	0.913072916	0.003011131	0.083915953
0	0	0.853675353	0.00153949	0.144785158
0	0	0.976814762	0.000270116	0.022915122
0	0	0.926412505	0.000881808	0.072705687
0	0	0.957666865	0.000495345	0.041837789
0	0	0.980013056	0.000858701	0.019128242
0	0	0.9299746	0.001221717	0.068803683
0	2	0.234102977	0.046537623	0.719359399
0	0	0.969225601	0.000777398	0.029997001
0	0	0.834672531	0.003547132	0.161780337
0	0	0.991796375	0.000187799	0.008015826
0	0	0.967427437	0.000447374	0.032125189
0	0	0.992965721	0.000183268	0.00685101
0	0	0.985890765	0.000295746	0.013813489
0	0	0.966597394	0.005701231	0.027701375
0	0	0.983278715	0.003907871	0.012813414
0	0	0.95561733	0.000234232	0.044148438
0	0	0.461966977	0.367489009	0.170544014
0	0	0.987744356	0.000358196	0.011897448
0	0	0.960518916	0.000332131	0.039148953
0	0	0.794431057	0.003314564	0.202254379
0	0	0.994978306	0.000143276	0.004878418
0	0	0.969678247	0.000686509	0.029635244
0	0	0.934938694	0.001786898	0.063274409
0	0	0.95073021	0.001282781	0.047987009
0	0	0.9866971	0.000314416	0.012988484
0	0	0.993635096	0.000121222	0.006243682
0	0	0.992227637	0.000274241	0.007498122
0	0	0.988062198	0.000232456	0.011705346
0	0	0.957638855	0.001279118	0.041082027
0	0	0.991639526	0.000210949	0.008149525
0	0	0.974039308	0.002232789	0.023727902
0	0	0.998327504	6.46725E-05	0.001607823
0	0	0.977297338	0.002789301	0.019913362
0	0	0.942731093	0.000772272	0.056496635
0	0	0.965912057	0.000999873	0.03308807
0	0	0.965300653	0.000556961	0.034142386
0	0	0.98252112	0.006520309	0.01095857
0	0	0.891245335	0.014120388	0.094634276
0	0	0.993145735	7.76516E-05	0.006776613
0	1	0.020494999	0.968725127	0.010779874
0	0	0.958900849	0.001544326	0.039554825
0	0	0.968707764	0.001031138	0.030261098
0	0	0.922119553	0.00099052	0.076889927
0	0	0.996361793	0.000182558	0.00345565
0	0	0.971642523	0.000447396	0.027910081
0	0	0.989686762	0.000209672	0.010103567
0	0	0.984590578	0.000351174	0.015058248
0	0	0.911118701	0.032644395	0.056236903
0	0	0.981708178	0.000235533	0.01805629
0	0	0.983143323	0.000235877	0.0166208
0	0	0.980943885	0.004086608	0.014969507
0	0	0.992512729	0.000167787	0.007319484
0	0	0.77621469	0.014137476	0.209647834
0	0	0.968129368	0.000497065	0.031373567
0	0	0.948991111	0.001537257	0.049471633
0	0	0.996537291	5.65453E-05	0.003406163
0	0	0.986392142	0.000230629	0.01337723
0	0	0.964730908	0.001064866	0.034204226
0	0	0.992967079	0.000175047	0.006857874
0	0	0.980717932	0.000246963	0.019035105
0	0	0.968630683	0.003629095	0.027740222
0	0	0.96231532	0.005882267	0.031802413
0	0	0.979970082	0.000658048	0.019371871
0	0	0.980496727	0.006365923	0.01313735
0	0	0.992579807	0.000221442	0.00719875
0	0	0.973772335	0.00052287	0.025704795
0	0	0.971012544	0.000645609	0.028341846
0	0	0.986490931	0.000336268	0.0131728
0	0	0.661857744	0.0024984	0.335643856
0	0	0.916393806	0.01686341	0.066742784
0	0	0.982765264	0.00043656	0.016798176
0	0	0.980352544	0.00143306	0.018214396
0	0	0.95772499	0.003959274	0.038315736
0	0	0.993412126	0.000159988	0.006427885
0	0	0.97671631	0.000582979	0.022700711
0	2	0.128458238	0.029353267	0.842188495
0	0	0.981141778	0.000362916	0.018495306
0	0	0.9899169	0.000183236	0.009899864
0	1	0.000150503	0.995678628	0.00417087
0	0	0.995319591	0.000232367	0.004448041
0	0	0.821683963	0.003163743	0.175152294
0	0	0.996697743	6.97839E-05	0.003232473
0	0	0.917598108	0.001287574	0.081114319
0	0	0.943299727	0.001928002	0.054772272
0	0	0.95113737	0.001046717	0.047815913
0	0	0.77008052	0.005572229	0.224347251
0	0	0.947435241	0.000667884	0.051896876
0	0	0.989743286	0.000256108	0.010000605
0	0	0.981042486	0.001759124	0.01719839
0	0	0.987853402	0.000456592	0.011690006
0	0	0.990853382	0.000200081	0.008946537
0	0	0.97037302	0.000921715	0.028705265
0	0	0.570786923	0.228632515	0.200580563
0	0	0.933329903	0.000880697	0.0657894
0	0	0.978443079	0.000381045	0.021175876
0	1	0.274717608	0.592495744	0.132786648
0	0	0.977127902	0.00072254	0.022149558
0	1	0.022306938	0.715940993	0.261752068
0	0	0.601165309	0.312582975	0.086251716
0	0	0.984443787	0.000205271	0.015350941
0	0	0.995314446	0.000244646	0.004440907
0	0	0.985730334	0.000330775	0.013938891
0	0	0.970668158	0.000617846	0.028713996
0	0	0.993391043	9.31937E-05	0.006515763
0	1	0.000106767	0.995248229	0.004645004
0	0	0.958956035	0.000872969	0.040170995
0	0	0.832655056	0.001472438	0.165872506
0	0	0.992445784	0.000229368	0.007324848
0	0	0.963318718	0.000632095	0.036049187
0	1	0.251376532	0.50413896	0.244484508
0	0	0.901265332	0.002422015	0.096312653
0	0	0.987630195	0.000102859	0.012266946
0	0	0.999321145	3.52206E-05	0.000643635
0	0	0.991610781	0.000144848	0.008244371
0	0	0.982927545	0.000316806	0.016755648
0	0	0.994776474	0.00012007	0.005103457
0	0	0.818830082	0.003437954	0.177731964
0	2	0.04412383	0.027627178	0.928248991
0	0	0.994478302	0.001419519	0.004102179
0	0	0.941484335	0.000907881	0.057607785
0	0	0.957799356	0.000269103	0.041931541
0	0	0.915772495	0.001075696	0.083151809
0	0	0.920046018	0.000758148	0.079195833
0	0	0.994209448	8.83762E-05	0.005702176
0	0	0.992799788	0.000160066	0.007040147
0	0	0.991594304	0.000196836	0.00820886
0	0	0.980939898	0.000440569	0.018619533
0	0	0.998904129	2.72567E-06	0.001093145
0	0	0.941196778	0.000680758	0.058122464
0	0	0.75635501	0.001385153	0.242259837
0	0	0.923858219	0.001121491	0.075020291
0	0	0.998513843	0.000202943	0.001283214
0	0	0.989029502	0.000435276	0.010535222
0	0	0.99118389	0.00018563	0.00863048
0	0	0.995639839	8.08779E-05	0.004279283
0	0	0.74195506	0.007537486	0.250507454
0	0	0.965191643	0.000505568	0.034302789
0	0	0.996910708	7.59152E-05	0.003013376
0	0	0.750846585	0.009378327	0.239775088
0	0	0.979295377	0.00239488	0.018309743
0	0	0.60237688	0.000644154	0.396978966
0	0	0.920652354	0.001302887	0.078044759
0	0	0.981181671	0.000561164	0.018257165
0	0	0.625685482	0.007576473	0.366738045
0	0	0.995803646	9.97838E-05	0.00409657
0	0	0.987351261	0.000337337	0.012311402
0	0	0.937398378	0.002579791	0.060021832
0	0	0.813832347	0.003922207	0.182245446
0	0	0.912747313	0.008818564	0.078434123
0	0	0.945459124	0.001901172	0.052639704
0	0	0.993736706	0.000118088	0.006145206
0	0	0.997945364	5.39336E-05	0.002000703
0	0	0.889871168	0.001929338	0.108199495
0	0	0.989417775	0.000203929	0.010378296
0	0	0.931354021	0.006874641	0.061771338
0	0	0.756675636	0.010930255	0.232394109
0	0	0.979102694	0.000742625	0.02015468
0	0	0.838363969	0.001415315	0.160220716
0	0	0.988501539	0.00021554	0.011282921
0	0	0.99571951	0.000147234	0.004133257
0	0	0.979778395	0.000509628	0.019711977
0	0	0.987194344	0.001621849	0.011183807
0	0	0.941846239	0.001285236	0.056868525
0	0	0.972107591	0.001458001	0.026434408
0	0	0.854383749	0.001966156	0.143650095
0	0	0.571715797	0.071531793	0.356752409
0	0	0.967225488	0.000710584	0.032063928
0	0	0.996356133	0.000103945	0.003539922
0	0	0.998567718	2.49127E-05	0.001407369
0	0	0.998944414	7.53885E-05	0.000980198
0	0	0.996384585	0.000108863	0.003506552
0	0	0.982882268	0.000135131	0.016982601
0	0	0.981472981	0.000362785	0.018164234
0	0	0.982417731	0.000289013	0.017293256
0	0	0.99777253	3.82935E-05	0.002189176
0	0	0.984584617	0.000233242	0.015182142
0	0	0.936797811	0.000501811	0.062700378
0	0	0.989973556	0.000136898	0.009889546
0	0	0.771057322	0.011754812	0.217187865
0	0	0.994192117	6.63262E-05	0.005741557
0	0	0.987814783	0.000181753	0.012003463
0	0	0.967091379	0.00076889	0.032139731
0	0	0.977657338	0.000654659	0.021688003
0	0	0.922599574	0.001060558	0.076339867
0	0	0.923151416	0.00349486	0.073353724
0	0	0.969079112	0.000350059	0.030570829
0	2	0.058921265	0.189029305	0.752049431
0	0	0.984405038	0.000221582	0.01537338
0	0	0.991727109	0.000146248	0.008126643
0	0	0.974540536	0.0007826	0.024676864
0	0	0.998175615	4.36448E-05	0.00178074
0	0	0.995831011	7.18969E-05	0.004097092
0	0	0.994371443	0.00096205	0.004666507
0	0	0.988889485	9.63452E-05	0.01101417
0	0	0.997306776	5.8816E-05	0.002634408
0	0	0.987915599	0.000194407	0.011889995
0	0	0.979097935	0.000833961	0.020068104
0	0	0.969079242	0.006108287	0.024812471
0	0	0.728665203	0.014556161	0.256778635
0	0	0.969300032	0.000751619	0.029948349
0	0	0.931124878	0.000678611	0.068196511
0	0	0.980047965	0.00031531	0.019636725
0	0	0.982240182	0.000921858	0.01683796
0	0	0.9721505	0.000444907	0.027404593
0	0	0.958758568	0.000561322	0.040680111
0	0	0.981708328	0.001257964	0.017033709
0	0	0.950635422	0.001156306	0.048208272
0	0	0.999023224	2.87959E-05	0.00094798
0	0	0.970737215	0.000957295	0.028305491
0	0	0.993339202	0.000150585	0.006510213
0	0	0.997062753	6.95377E-05	0.00286771
0	0	0.966787353	0.004481593	0.028731054
0	0	0.986120486	0.00031064	0.013568875
0	0	0.967865321	0.000810416	0.031324262
0	0	0.998617012	4.41912E-05	0.001338797
0	0	0.992762218	0.001619134	0.005618649
0	0	0.878356986	0.001803543	0.119839471
0	0	0.995441147	5.43118E-05	0.004504541
0	0	0.985291278	0.000377546	0.014331176
0	2	0.276172412	0.002476944	0.721350645
0	0	0.967735392	0.000579122	0.031685485
0	0	0.859605955	0.003079521	0.137314524
0	0	0.849571732	0.004088313	0.146339956
0	0	0.968366483	0.00550805	0.026125468
0	0	0.970980091	0.000308173	0.028711736
0	2	0.367140924	0.168923469	0.463935607
0	0	0.880483688	0.000129183	0.119387129
0	0	0.987447775	0.000228533	0.012323692
0	0	0.948145329	0.001033765	0.050820905
0	0	0.997830485	3.83187E-05	0.002131196
0	0	0.995167542	7.40593E-05	0.004758398
0	0	0.92765665	0.003916748	0.068426603
0	0	0.990972111	0.000171082	0.008856808
0	0	0.991510869	0.000248064	0.008241068
0	0	0.993280484	0.000203826	0.00651569
0	0	0.989392572	0.000175291	0.010432138
0	0	0.650958662	0.001964516	0.347076821
0	0	0.976458088	0.00032382	0.023218093
0	0	0.990030182	0.002685415	0.007284403
0	0	0.989204893	0.000242198	0.010552908
0	0	0.98305639	0.000999866	0.015943743
0	0	0.963057787	0.00044947	0.036492743
0	0	0.988911245	0.000233986	0.01085477
0	0	0.990022211	0.000256411	0.009721378
0	0	0.99509267	9.71437E-05	0.004810187
0	0	0.746756305	0.010880138	0.242363557
0	0	0.883917078	0.001515527	0.114567395
0	0	0.977134001	0.003742388	0.019123612
0	0	0.98123368	0.000346806	0.018419514
0	0	0.882918011	0.001355177	0.115726812
0	0	0.989172331	0.000128474	0.010699196
0	2	0.449129588	0.006890967	0.543979445
0	1	0.000902432	0.996688744	0.002408824
0	0	0.921079118	0.000949183	0.0779717
0	0	0.964498747	0.001679353	0.0338219
0	0	0.990260663	0.000617527	0.00912181
0	0	0.957195088	0.00082013	0.041984782
0	0	0.957554774	0.000712613	0.041732614
0	2	0.371695846	0.002162956	0.626141198
0	0	0.958399123	0.000601195	0.040999682
0	2	0.071993008	0.01324035	0.914766642
0	0	0.989537722	0.000825008	0.00963727
0	0	0.868298744	0.001036382	0.130664874
0	2	0.176677567	0.001333926	0.821988507
0	0	0.503894747	0.001694127	0.494411126
0	0	0.975392861	0.000731938	0.023875201
0	0	0.521618454	0.00180117	0.476580376
0	0	0.885607299	0.013478201	0.1009145
0	0	0.812598785	0.002163955	0.18523726
0	0	0.997240739	6.77787E-05	0.002691483
0	0	0.976144376	0.000598523	0.023257101
0	0	0.922628692	0.000538874	0.076832434
0	0	0.990698477	0.000528248	0.008773276
0	0	0.913650746	0.002371798	0.083977456
0	1	0.05003394	0.894353917	0.055612143
0	2	0.049095184	0.001855327	0.949049489
0	0	0.97281827	0.000212481	0.026969249
0	0	0.935600314	0.000794922	0.063604764
0	0	0.983466563	0.00058942	0.015944017
0	0	0.91136626	0.001141959	0.087491781
0	0	0.927340027	0.000475837	0.072184136
0	0	0.925218665	0.001175073	0.073606262
0	0	0.993071428	9.39401E-05	0.006834632
0	0	0.976646275	0.000165965	0.02318776
0	0	0.969160605	0.000397178	0.030442216
0	2	0.271753703	0.003663416	0.724582881
0	0	0.895286194	0.003983829	0.100729977
0	0	0.974152283	0.000594145	0.025253573
0	0	0.996084448	0.000102492	0.00381306
0	0	0.997330701	7.97533E-05	0.002589546
0	0	0.986753586	0.00037099	0.012875424
0	2	0.019052548	0.000900145	0.980047307
0	0	0.819366786	0.009416202	0.171217012
0	0	0.956455329	0.000992363	0.042552308
0	2	0.470987035	0.013310199	0.515702767
0	0	0.861495269	0.016352316	0.122152415
0	0	0.963211215	0.002004256	0.034784529
0	0	0.992669	0.00013664	0.007194359
0	0	0.587823044	0.01119118	0.400985776
0	0	0.997263793	9.39977E-05	0.002642209
0	0	0.963548242	0.000563055	0.035888703
0	0	0.996348642	0.000711982	0.002939376
0	0	0.944852559	0.003283234	0.051864207
0	0	0.996718313	4.20275E-05	0.003239659
0	0	0.995753547	6.85906E-05	0.004177863
0	0	0.99580909	8.89888E-05	0.004101922
0	0	0.97877949	0.006423778	0.014796732
0	0	0.9166632	0.000783833	0.082552968
0	0	0.989538866	0.00013437	0.010326765
0	0	0.918005172	0.003713976	0.078280852
0	0	0.624131617	0.017965644	0.357902739
0	0	0.76671716	0.001611907	0.231670933
0	0	0.983529095	0.002894311	0.013576593
0	0	0.92329752	0.000799836	0.075902644
0	0	0.993033357	0.000144564	0.006822079
0	0	0.919803616	0.00242604	0.077770345
0	0	0.95281065	0.000345665	0.046843684
0	0	0.986730069	0.00029659	0.01297334
0	0	0.976371708	0.000351813	0.023276479
0	0	0.912672384	0.001882267	0.085445349
0	0	0.991581955	0.000112681	0.008305364
0	0	0.986090365	0.000282705	0.01362693
0	0	0.983658956	0.000347594	0.01599345
0	0	0.990531126	0.000176991	0.009291884
0	0	0.965139461	0.000425569	0.03443497
0	0	0.986707414	0.000231026	0.01306156
0	0	0.977079847	0.002907427	0.020012726
0	0	0.998489607	4.02737E-05	0.00147012
0	0	0.995722158	0.000117205	0.004160637
0	0	0.966935864	0.001192	0.031872137
0	0	0.974904046	0.00039754	0.024698415
0	0	0.959630762	0.000875245	0.039493993
0	0	0.994233092	0.000102108	0.005664801
0	0	0.965264237	0.000481814	0.03425395
0	0	0.982341861	0.000251714	0.017406425
0	1	0.360688256	0.532942761	0.106368984
0	0	0.936408359	0.000904794	0.062686848
0	0	0.985318827	4.69142E-05	0.014634259
0	0	0.977472532	0.000290187	0.022237281
0	0	0.792459315	0.001774362	0.205766322
0	0	0.966802599	0.00222197	0.030975431
0	0	0.988662624	0.000387226	0.01095015
0	0	0.988832385	0.000285454	0.010882161
0	0	0.994557844	0.000265298	0.005176858
0	0	0.922170585	0.003453645	0.07437577
0	0	0.979199544	0.000232477	0.020567979
0	0	0.999148602	0.000102982	0.000748416
0	0	0.847531762	0.028957473	0.123510765
0	0	0.996117125	0.000136964	0.003745911
0	0	0.996361324	0.000111104	0.003527573
0	0	0.950722137	0.0012	0.048077863
0	0	0.967610497	0.00107975	0.031309752
0	0	0.994186507	0.000125685	0.005687807
0	0	0.989783031	0.000147723	0.010069245
0	0	0.818837736	0.008076721	0.173085543
0	0	0.960150235	0.000653175	0.039196591
0	0	0.964815104	0.000488477	0.034696419
0	0	0.981230486	0.000250326	0.018519188
0	0	0.91601487	0.000919369	0.083065761
0	0	0.989668378	0.000116492	0.01021513
0	0	0.940943415	0.001141203	0.057915381
0	0	0.946121052	0.000720846	0.053158102
0	0	0.421949454	0.265837582	0.312212963
0	0	0.965527787	0.001896244	0.032575969
0	0	0.534568508	0.004264649	0.461166843
0	0	0.946062431	0.003848212	0.050089358
0	0	0.569700208	0.210589401	0.21971039
0	0	0.941051594	0.001257591	0.057690815
0	0	0.97690979	0.000421302	0.022668908
0	0	0.996847211	6.08525E-05	0.003091936
0	0	0.930502081	0.004502012	0.064995908
0	0	0.933256255	0.002120135	0.06462361
0	0	0.989158151	0.000457973	0.010383876
0	0	0.958866687	0.002852375	0.038280937
0	0	0.994175355	0.000242832	0.005581813
0	0	0.970274284	0.000621623	0.029104092
0	0	0.997636695	1.66539E-05	0.002346651
0	0	0.983933107	0.000144	0.015922893
0	0	0.976133438	0.000551507	0.023315055
0	0	0.955032054	0.002278791	0.042689155
0	0	0.899690307	0.025154847	0.075154846
0	0	0.959826535	0.002609223	0.037564242
0	0	0.983574937	0.000436177	0.015988886
0	2	0.308550693	0.134381955	0.557067352
0	0	0.96499071	0.000966493	0.034042797
0	0	0.960126542	0.00098626	0.038887198
0	0	0.987481612	0.000233647	0.01228474
0	0	0.864567547	0.000775637	0.134656816
0	0	0.71808653	0.053286876	0.228626594
0	0	0.954963406	0.000541763	0.044494831
0	2	0.045157863	0.007401365	0.947440772
0	0	0.941850691	0.0081031	0.050046209
0	0	0.600971616	0.013333074	0.38569531
0	2	0.326656946	0.05619403	0.617149024
0	0	0.98008804	0.000260681	0.019651279
0	0	0.992350772	0.000110325	0.007538903
0	0	0.994347279	3.40981E-05	0.005618622
0	0	0.98776185	0.000176372	0.012061778
0	0	0.724084473	0.106880144	0.169035383
0	0	0.764095894	0.05295769	0.182946415
0	0	0.934251293	0.000939644	0.064809063
0	0	0.962650619	0.000630521	0.036718861
0	0	0.980117217	0.000546715	0.019336068
0	0	0.912574734	0.002746068	0.084679199
0	0	0.988616128	0.000188437	0.011195435
0	0	0.987983272	0.000210045	0.011806683
0	2	0.46715111	0.001375686	0.531473204
0	0	0.586660882	0.001370598	0.41196852
0	0	0.993426238	0.000116794	0.006456968
0	0	0.961275208	0.006025261	0.032699531
0	0	0.780557027	0.007904307	0.211538666
0	0	0.671339671	0.008546956	0.320113373
0	0	0.950745086	0.000473665	0.048781248
0	0	0.969626523	0.000486855	0.029886622
0	0	0.955960844	0.012030161	0.032008995
0	0	0.995985979	0.000116139	0.003897881
0	0	0.992393721	0.000405279	0.007201
0	0	0.990056502	0.000235384	0.009708114
0	0	0.987893812	0.000105365	0.012000823
0	0	0.859498736	0.002170265	0.138330999
0	0	0.990390946	0.000190329	0.009418725
0	2	0.038509705	0.001128298	0.960361997
0	0	0.918770296	0.000900267	0.080329437
0	0	0.981032075	0.000296296	0.018671628
0	0	0.929562363	0.000889864	0.069547773
0	0	0.891771559	0.001101982	0.107126459
0	0	0.871205141	0.005537136	0.123257723
0	0	0.980884901	0.00045747	0.018657629
0	2	0.208495129	0.002702604	0.788802267
0	0	0.95061755	0.000651624	0.048730827
0	0	0.966716158	0.000752469	0.032531372
0	0	0.994995917	7.06327E-05	0.00493345
0	0	0.975413857	0.000359285	0.024226858
0	0	0.950074236	0.000585517	0.049340247
0	2	0.415824807	0.003457909	0.580717284
0	0	0.566763491	0.014499905	0.418736604
0	0	0.909358857	0.000611427	0.090029716
0	0	0.980023962	0.000343722	0.019632317
0	0	0.848590735	0.028459357	0.122949907
0	2	0.443185657	0.028131467	0.528682876
0	0	0.967468085	0.000845677	0.031686237
0	2	0.063244388	0.000576896	0.936178716
0	0	0.978102223	0.00039216	0.021505618
0	0	0.946986817	0.001337611	0.051675572
0	0	0.935606978	0.000787805	0.063605217
0	0	0.992007247	0.000191921	0.007800832
0	0	0.773248883	0.001480827	0.225270289
0	0	0.959005725	0.001165205	0.03982907
0	0	0.974019194	0.000471815	0.025508992
0	0	0.877411598	0.00044739	0.122141011
0	0	0.984212156	0.000200777	0.015587066
0	0	0.99313161	0.000164666	0.006703724
0	0	0.972006039	0.001232521	0.026761439
0	0	0.979264291	0.003137422	0.017598287
0	0	0.989299779	0.000252359	0.010447862
0	0	0.822670643	0.001422272	0.175907085
0	2	0.210205312	0.001411121	0.788383566
0	0	0.977773606	0.000641836	0.021584558
0	0	0.979439664	0.000289552	0.020270784
0	0	0.922576917	0.001435439	0.075987644
0	0	0.78256433	0.002534956	0.214900715
0	0	0.993003015	8.17029E-05	0.006915282
0	0	0.97029839	0.00068688	0.02901473
0	2	0.328245159	0.002904208	0.668850633
0	0	0.809469393	0.001864474	0.188666133
0	0	0.904963669	0.002952921	0.09208341
0	0	0.995348092	7.28533E-05	0.004579054
0	0	0.899135071	0.001018502	0.099846426
0	0	0.967696124	0.00108515	0.031218726
0	0	0.981975199	0.000428899	0.017595902
0	0	0.988005203	0.000285443	0.011709353
0	0	0.941794317	0.000607737	0.057597946
0	0	0.990573223	6.82883E-05	0.009358488
0	0	0.941957858	0.000681377	0.057360765
0	0	0.967339927	0.000405818	0.032254255
0	0	0.927245476	0.001303064	0.07145146
0	0	0.98428377	0.000462649	0.01525358
0	0	0.993198154	0.000245522	0.006556325
0	0	0.560292863	0.012546724	0.427160413
0	0	0.98380626	0.000266529	0.01592721
0	2	0.029469045	0.006194367	0.964336588
0	0	0.966142675	0.000754735	0.03310259
0	0	0.876265121	0.001105247	0.122629632
0	2	0.030804491	0.0013616	0.967833909
0	0	0.991507367	0.000151272	0.008341361
0	2	0.439788827	0.024446686	0.535764487
0	0	0.955670725	8.55558E-05	0.044243719
0	0	0.99228388	0.000118696	0.007597424
0	0	0.990733771	0.000284918	0.008981311
0	0	0.926721066	0.010842273	0.062436661
0	0	0.963468497	0.000530752	0.036000751
0	0	0.966640301	0.000484241	0.032875459
0	2	0.196979427	0.001348778	0.801671795
0	0	0.967389518	0.000576374	0.032034108
0	0	0.644399428	0.001946667	0.353653905
0	0	0.997193408	4.65534E-05	0.002760039
0	0	0.940403202	0.00031462	0.059282178
0	0	0.97604091	0.000720727	0.023238363
0	0	0.968741673	0.004058843	0.027199484
0	0	0.664483354	0.003956302	0.331560344
0	0	0.930775833	0.000807363	0.068416804
0	0	0.953602539	0.000180495	0.046216966
0	0	0.95289268	0.004381549	0.042725771
0	0	0.958019476	0.001542598	0.040437926
0	0	0.990148346	0.000723579	0.009128075
0	0	0.981113338	0.0009851	0.017901562
0	0	0.936786442	0.001063277	0.062150281
0	0	0.972117645	6.17524E-05	0.027820602
0	0	0.990391053	0.001512706	0.008096241
0	2	0.392740453	0.007787726	0.599471821
0	0	0.974823127	0.000406308	0.024770565
0	0	0.967191643	0.000520324	0.032288033
0	0	0.937956147	0.000791443	0.06125241
0	0	0.977586608	0.000489284	0.021924109
0	0	0.96770181	0.000486813	0.031811377
0	0	0.997583823	5.00935E-05	0.002366084
0	0	0.933271962	0.003743035	0.062985003
0	0	0.993633585	5.99928E-05	0.006306422
0	0	0.990630429	0.000264409	0.009105162
0	0	0.980090603	0.000387339	0.019522058
0	0	0.933366029	0.002812004	0.063821967
0	0	0.9327898	0.000485187	0.066725012
0	0	0.9213068	0.000974718	0.077718482
0	0	0.947440341	0.001953972	0.050605687
0	0	0.939237586	0.001654284	0.059108129
0	0	0.992628764	0.000115032	0.007256203
0	0	0.986698597	0.000228199	0.013073204
0	0	0.962559352	0.00047845	0.036962199
0	0	0.975997943	0.000415888	0.023586169
0	0	0.936966915	0.001081823	0.061951262
0	0	0.966590396	0.000512823	0.032896781
0	0	0.997268428	3.75914E-05	0.002693981
0	2	0.255882623	0.007831224	0.736286152
0	0	0.99313284	0.000145303	0.006721857
0	0	0.913415581	0.002426842	0.084157577
0	0	0.983404053	0.002554407	0.01404154
0	0	0.973550412	0.000296962	0.026152626
0	0	0.9194201	0.003553891	0.077026009
0	0	0.988799371	0.000289411	0.010911218
0	0	0.952412388	0.000782234	0.046805379
0	0	0.97384069	0.000713586	0.025445724
0	0	0.962701334	0.000676883	0.036621783
0	2	0.064465648	0.003814206	0.931720146
0	0	0.953580107	0.002563372	0.043856522
0	0	0.995990819	0.000132661	0.003876521
0	0	0.978586854	0.000465851	0.020947296
0	0	0.971414054	0.000556578	0.028029367
0	0	0.983219113	0.000205283	0.016575604
0	0	0.786371949	0.002063554	0.211564496
0	0	0.931954029	0.009325788	0.058720182
0	0	0.816508933	0.022694846	0.160796221
0	0	0.991225597	0.000187466	0.008586938
0	0	0.980887542	0.00031244	0.018800018
0	0	0.795026858	0.000982137	0.203991005
0	0	0.946855064	0.001165612	0.051979324
0	0	0.929438689	0.00059731	0.069964001
0	0	0.96548629	0.000313496	0.034200214
0	0	0.9947368	0.000197065	0.005066135
0	0	0.994106707	0.00018486	0.005708433
0	0	0.979070925	0.000527664	0.020401411
0	0	0.925656389	0.000547717	0.073795894
0	0	0.972677571	0.00136773	0.025954698
0	0	0.860852055	0.002402291	0.136745654
0	0	0.955931645	0.000714899	0.043353455
0	0	0.972171948	0.000425595	0.027402457
0	0	0.984094051	0.000226961	0.015678988
0	0	0.997522198	2.21942E-05	0.002455608
0	0	0.985668796	0.000269988	0.014061216
0	0	0.906595231	0.000979901	0.092424868
0	2	0.134844603	0.00249334	0.862662058
0	0	0.997966717	3.91294E-05	0.001994154
0	0	0.968911208	0.000388475	0.030700317
0	0	0.948291537	0.002755398	0.048953065
0	0	0.813095739	0.001535182	0.18536908
0	0	0.965846897	0.000388759	0.033764344
0	0	0.886536972	6.28643E-05	0.113400163
0	0	0.987476857	0.000232318	0.012290825
0	0	0.989012436	0.000219261	0.010768303
0	2	0.021613006	0.187784542	0.790602452
0	0	0.992528696	0.001774211	0.005697092
0	0	0.953033904	0.001163055	0.045803041
0	0	0.993489722	0.000115871	0.006394407
0	0	0.974408754	0.000320918	0.025270327
0	0	0.998495632	2.64275E-05	0.001477941
0	0	0.951934967	0.001493163	0.04657187
0	0	0.617421504	0.009700253	0.372878243
0	0	0.971775984	0.000835458	0.027388557
0	0	0.97666452	0.000654125	0.022681355
0	0	0.928275931	0.003107843	0.068616225
0	0	0.974876258	0.000341916	0.024781826
0	0	0.564776178	0.012918101	0.422305721
0	0	0.991979838	0.000409099	0.007611063
0	0	0.979040876	0.000262442	0.020696682
0	0	0.930595946	0.002066022	0.067338032
0	0	0.975717907	0.000303211	0.023978882
0	0	0.944935301	0.006707434	0.048357265
0	0	0.985977486	0.000240926	0.013781588
0	0	0.963281289	0.000624031	0.036094679
0	0	0.99353988	0.000248174	0.006211946
0	0	0.97654534	0.0003295	0.02312516
0	0	0.907790464	0.00525255	0.086956986
0	0	0.955170944	0.000842224	0.043986832
0	0	0.96343309	0.00057828	0.035988629
0	0	0.982913293	0.000429867	0.016656839
0	0	0.997315529	5.16207E-05	0.002632851
0	0	0.996990034	3.64629E-05	0.002973503
0	0	0.942537678	0.000739542	0.05672278
0	0	0.956890752	0.000516278	0.042592971
0	0	0.989082327	0.000199105	0.010718568
0	0	0.997611152	4.57741E-05	0.002343074
0	0	0.989754342	0.000284864	0.009960794
0	0	0.969694481	0.000374929	0.029930591
0	0	0.611730977	0.00799481	0.380274213
0	0	0.940000309	0.004632887	0.055366804
0	0	0.987479459	0.000181655	0.012338885
0	0	0.956604762	0.00054161	0.042853628
0	0	0.934972939	0.000459148	0.064567913
0	0	0.975446027	0.001129184	0.023424789
0	2	0.03196149	0.001006352	0.967032158
0	0	0.993734282	0.000124827	0.006140891
0	2	0.493632514	0.003014673	0.503352813
0	0	0.964414144	0.000509727	0.035076129
0	0	0.946786604	0.000657687	0.052555709
0	0	0.989629661	0.000180095	0.010190244
0	0	0.640512489	0.003723145	0.355764367
0	0	0.987376601	0.00036941	0.012253989
0	0	0.880756172	0.000889746	0.118354082
0	0	0.837255303	0.002623814	0.160120883
0	0	0.995530642	0.001659101	0.002810257
0	0	0.987073258	0.000158713	0.012768028
0	0	0.947168392	0.001331861	0.051499747
0	0	0.893930985	0.003264572	0.102804443
0	0	0.977831783	0.000337071	0.021831146
0	0	0.943463125	0.001766071	0.054770804
0	0	0.985276163	0.000364191	0.014359647
0	0	0.94295107	0.001652541	0.055396388
0	0	0.944253719	0.000588661	0.05515762
0	0	0.633092475	0.178290903	0.188616622
0	0	0.943481092	0.000791264	0.055727644
0	0	0.993422286	0.00017094	0.006406774
0	0	0.905171326	0.001751941	0.093076733
0	0	0.987494706	0.00020564	0.012299654
0	0	0.986255386	0.000279324	0.013465291
0	0	0.948274549	0.001110648	0.050614802
0	0	0.933993248	0.002320469	0.063686283
0	0	0.823784959	0.010045347	0.166169695
0	0	0.984109955	0.000317061	0.015572984
0	0	0.612942343	0.010047973	0.377009684
0	0	0.945507011	0.002825884	0.051667105
0	0	0.998186257	1.00432E-05	0.0018037
0	0	0.997760265	3.91722E-05	0.002200563
0	0	0.956073913	0.000327043	0.043599044
0	0	0.978421532	0.000453818	0.02112465
0	0	0.991775111	0.000181935	0.008042954
0	0	0.843106552	0.000136996	0.156756453
0	0	0.974040627	0.000329642	0.02562973
0	0	0.89635841	0.003524506	0.100117084
0	2	0.001800804	0.004004557	0.994194639
1	1	2.51428E-05	0.999459392	0.000515465
1	1	3.42999E-07	0.999961291	3.8366E-05
1	1	3.3064E-05	0.997636422	0.002330514
1	1	1.19642E-05	0.998908897	0.001079139
1	1	0.000210012	0.981920225	0.017869763
1	1	1.66163E-05	0.99907453	0.000908854
1	1	1.59713E-06	0.999797583	0.00020082
1	1	5.49098E-06	0.999496506	0.000498003
1	1	0.033241923	0.93740164	0.029356437
1	1	0.00479803	0.894536241	0.100665729
1	1	0.003220459	0.9903157	0.006463841
1	1	0.000224167	0.993601283	0.00617455
1	1	1.23141E-05	0.99903361	0.000954076
1	1	2.35652E-05	0.996568122	0.003408313
1	1	0.000475872	0.996344092	0.003180036
1	1	0.000354744	0.996393023	0.003252233
1	1	1.51278E-05	0.999124956	0.000859916
1	1	5.47586E-06	0.999539773	0.000454751
1	1	0.000109268	0.990442273	0.009448458
1	1	0.000101786	0.998767643	0.00113057
1	1	0.000316364	0.940901475	0.058782161
1	1	2.39835E-05	0.998855813	0.001120204
1	1	2.91616E-05	0.998342766	0.001628072
1	1	2.09037E-05	0.998714227	0.001264869
1	1	2.68886E-05	0.998591644	0.001381467
1	1	1.06575E-05	0.999257864	0.000731479
1	1	0.000134642	0.994626167	0.00523919
1	1	8.6115E-05	0.998374123	0.001539762
1	1	3.30463E-05	0.998699318	0.001267636
1	1	8.58693E-05	0.998317379	0.001596751
1	1	3.78608E-05	0.985709225	0.014252914
1	1	1.97763E-05	0.999171561	0.000808663
1	1	7.79412E-05	0.997946405	0.001975654
1	1	0.000105117	0.991594397	0.008300487
1	1	6.34901E-06	0.999687922	0.000305729
1	1	4.5017E-05	0.997631925	0.002323058
1	1	1.20287E-05	0.999486374	0.000501597
1	1	3.73173E-05	0.997849274	0.002113409
1	1	1.09186E-05	0.999059096	0.000929986
1	1	0.000166615	0.997578653	0.002254732
1	1	0.001888742	0.989708913	0.008402345
1	1	1.73491E-05	0.999233123	0.000749528
1	1	0.018876891	0.942785226	0.038337882
1	1	4.4502E-06	0.999538337	0.000457213
1	1	0.003210423	0.958819338	0.037970239
1	1	0.000651673	0.990379204	0.008969123
1	1	2.14988E-05	0.999187422	0.000791079
1	1	1.69694E-05	0.998899576	0.001083454
1	1	2.29054E-05	0.998564936	0.001412158
1	1	0.00041839	0.994617381	0.00496423
1	1	9.8184E-05	0.997236326	0.00266549
1	1	0.000505077	0.991535514	0.007959409
1	1	1.56541E-05	0.998520927	0.001463418
1	1	3.57264E-05	0.997184316	0.002779957
1	1	3.37083E-05	0.998933889	0.001032402
1	1	7.33693E-07	0.999825183	0.000174084
1	1	0.29733217	0.637624742	0.065043087
1	1	1.12702E-05	0.99944976	0.00053897
1	1	1.38262E-05	0.999351785	0.000634389
1	1	5.90673E-06	0.999782685	0.000211409
1	1	2.12806E-05	0.99868446	0.00129426
1	1	1.17764E-05	0.999489177	0.000499047
1	1	0.000108471	0.996276771	0.003614759
1	1	0.245417873	0.731108856	0.023473271
1	1	0.000579333	0.954246645	0.045174022
1	1	0.001657575	0.991734594	0.006607831
1	1	0.000119149	0.977620185	0.022260665
1	1	5.39007E-05	0.997436587	0.002509513
1	1	1.8873E-05	0.999320275	0.000660852
1	1	0.004828188	0.894237367	0.100934445
1	1	7.278E-06	0.999645399	0.000347323
1	1	7.27161E-05	0.998354247	0.001573037
1	1	0.000228787	0.99728506	0.002486153
1	1	2.60907E-05	0.998469165	0.001504745
1	1	3.77367E-06	0.999538556	0.00045767
1	1	3.13225E-05	0.997928816	0.002039862
1	1	2.38276E-05	0.998834164	0.001142009
1	1	2.30127E-05	0.99873664	0.001240347
1	1	8.05896E-06	0.99947404	0.000517901
1	1	1.82556E-05	0.999163653	0.000818091
1	1	3.23506E-05	0.998022622	0.001945027
1	1	1.90513E-05	0.998725391	0.001255558
1	1	2.44187E-05	0.99883949	0.001136092
1	1	2.42315E-05	0.999042071	0.000933697
1	1	1.10317E-05	0.999365701	0.000623268
1	1	0.001859542	0.986270265	0.011870192
1	1	5.33517E-05	0.998596181	0.001350467
1	1	1.14101E-05	0.999491037	0.000497553
1	1	3.09083E-05	0.998016086	0.001953005
1	1	3.2742E-05	0.99924711	0.000720148
1	1	0.000393241	0.994327601	0.005279159
1	1	0.000133159	0.998734724	0.001132117
1	1	0.000101603	0.997070533	0.002827864
1	1	3.82384E-06	0.999544866	0.00045131
1	1	9.59349E-06	0.999274045	0.000716361
1	1	0.000267617	0.997250291	0.002482092
1	1	7.75404E-05	0.995100196	0.004822264
1	1	1.03013E-05	0.994872462	0.005117237
1	1	2.2704E-05	0.998533771	0.001443525
1	1	1.11059E-05	0.99936169	0.000627204
1	1	1.58026E-05	0.999064013	0.000920184
1	1	5.91082E-07	0.999889396	0.000110013
1	1	3.78616E-05	0.998626671	0.001335467
1	1	6.71173E-06	0.999445901	0.000547387
1	1	1.37147E-05	0.999158736	0.00082755
1	1	0.000296208	0.980446154	0.019257637
1	1	1.61219E-05	0.999068096	0.000915782
1	1	7.87834E-06	0.999506215	0.000485907
1	1	3.63399E-06	0.999719778	0.000276588
1	1	2.51067E-07	0.999955952	4.37971E-05
1	1	0.00015708	0.988611653	0.011231267
1	1	3.14694E-05	0.838119948	0.161848583
1	1	4.24939E-05	0.998751751	0.001205755
1	1	0.029984488	0.667727518	0.302287993
1	1	0.000268801	0.997263921	0.002467278
1	1	2.66875E-05	0.990927147	0.009046166
1	1	6.30589E-06	0.999574437	0.000419257
1	1	6.25751E-05	0.98074506	0.019192365
1	1	2.3396E-05	0.998555534	0.00142107
1	1	0.000208642	0.982856683	0.016934675
1	1	0.000424816	0.822460063	0.177115122
1	1	0.170188932	0.471353897	0.358457171
1	1	6.48064E-06	0.999708966	0.000284553
1	1	3.23049E-05	0.999310014	0.000657681
1	1	5.64599E-06	0.999535402	0.000458952
1	1	2.331E-05	0.998673353	0.001303337
1	1	1.02246E-05	0.999284214	0.000705562
1	1	2.37383E-05	0.998481696	0.001494566
1	2	0.054768042	0.132251689	0.81298027
1	1	5.80345E-06	0.998743628	0.001250568
1	1	0.000109223	0.992307594	0.007583184
1	1	6.61449E-05	0.994552753	0.005381102
1	1	7.32549E-05	0.997936834	0.001989911
1	1	1.09156E-06	0.999900028	9.88804E-05
1	1	4.94731E-06	0.999534446	0.000460607
1	1	0.000136677	0.985025675	0.014837648
1	1	0.000106444	0.9980115	0.001882056
1	1	4.47453E-07	0.999805483	0.000194069
1	1	0.000187008	0.962657997	0.037154995
1	1	9.56693E-06	0.999501409	0.000489024
1	1	0.001544813	0.740779263	0.257675925
1	1	0.005264851	0.940068556	0.054666594
1	1	1.78626E-06	0.999712233	0.00028598
1	1	2.9316E-06	0.999636729	0.00036034
1	1	1.17981E-05	0.999026373	0.000961829
1	1	8.62307E-06	0.999530542	0.000460835
1	1	6.40356E-06	0.996549715	0.003443881
1	1	0.000200474	0.9912127	0.008586826
1	1	9.81609E-06	0.997715212	0.002274972
1	1	0.000190292	0.993667999	0.00614171
1	1	2.07174E-05	0.999161929	0.000817354
1	1	2.18793E-07	0.999959367	4.04137E-05
1	1	1.19427E-06	0.999823552	0.000175254
1	1	4.28281E-07	0.999813557	0.000186014
1	1	1.67334E-06	0.999810237	0.00018809
1	1	8.20502E-06	0.999635896	0.000355899
1	1	8.05496E-07	0.99979288	0.000206315
1	1	1.49491E-05	0.996547029	0.003438022
1	1	4.59791E-06	0.999792382	0.00020302
1	1	9.51137E-06	0.999277128	0.000713361
1	1	3.60588E-08	0.99998537	1.45938E-05
1	0	0.632276048	0.340912581	0.026811371
1	1	2.62127E-05	0.999135261	0.000838526
1	1	9.01224E-06	0.999472984	0.000518004
1	1	1.43801E-07	0.999963843	3.60128E-05
1	1	7.64625E-07	0.999819708	0.000179528
1	1	2.9678E-07	0.999925557	7.4146E-05
1	1	0.001093535	0.972835684	0.026070781
1	1	3.07242E-06	0.999855135	0.000141793
1	1	2.79602E-05	0.999472302	0.000499737
1	2	0.121770321	0.334834592	0.543395087
1	1	0.000106691	0.929810287	0.070083022
1	1	1.08789E-05	0.999115518	0.000873603
1	1	7.9949E-05	0.998879309	0.001040742
1	1	0.000415382	0.976762202	0.022822416
1	1	2.08299E-06	0.999694865	0.000303052
1	1	2.9071E-06	0.999645577	0.000351516
1	1	6.57636E-06	0.997473759	0.002519665
1	1	4.99999E-06	0.999824636	0.000170364
1	1	4.20615E-07	0.99955213	0.000447449
1	1	1.53443E-05	0.999331874	0.000652781
1	1	1.92065E-06	0.999953798	4.42814E-05
1	1	3.26841E-05	0.998079477	0.001887839
1	1	3.20255E-06	0.999835952	0.000160846
1	1	8.30659E-07	0.99975353	0.000245639
1	1	5.78698E-06	0.999499286	0.000494927
1	1	4.47183E-06	0.999886381	0.000109147
1	1	3.83298E-05	0.992347785	0.007613886
1	1	7.56229E-06	0.999463974	0.000528464
1	1	0.010682504	0.83992049	0.149397006
1	1	0.040792431	0.815985472	0.143222097
1	1	8.47178E-06	0.999630686	0.000360842
1	1	1.03928E-05	0.999701304	0.000288303
1	1	0.000104555	0.977855383	0.022040062
1	1	1.66697E-07	0.999909913	8.992E-05
1	1	1.34161E-05	0.999743294	0.00024329
1	1	0.025953023	0.923793079	0.050253898
1	1	2.21155E-05	0.998467414	0.001510471
1	1	2.07375E-05	0.999333879	0.000645383
1	1	2.7143E-05	0.997014408	0.002958449
1	1	1.7919E-05	0.999451081	0.000531
1	1	0.005099461	0.787005187	0.207895352
1	1	0.000699513	0.953585373	0.045715114
1	1	9.28205E-05	0.997659918	0.002247262
1	1	4.38813E-07	0.99980861	0.000190951
1	1	2.15686E-05	0.998927389	0.001051042
1	1	1.29445E-05	0.99935866	0.000628395
1	1	2.1408E-06	0.999668325	0.000329534
1	1	9.05163E-05	0.992447849	0.007461634
1	1	9.20137E-07	0.994869562	0.005129518
1	1	0.000173409	0.998142382	0.001684209
1	1	6.02963E-06	0.999474876	0.000519094
1	1	3.78562E-05	0.998585512	0.001376632
1	1	1.28596E-05	0.997681326	0.002305814
1	1	3.97258E-05	0.998492647	0.001467627
1	1	0.000187531	0.996636901	0.003175568
1	1	1.01475E-05	0.999220284	0.000769569
1	1	0.000352526	0.996320481	0.003326993
1	1	4.44788E-05	0.997405104	0.002550417
1	1	6.7011E-06	0.998662716	0.001330583
1	1	2.90303E-05	0.997632061	0.002338909
1	1	0.000333965	0.979832355	0.01983368
1	1	4.53941E-05	0.997375797	0.002578809
1	1	0.001366288	0.983185431	0.015448281
1	1	1.23358E-07	0.99992361	7.62665E-05
1	1	2.4311E-05	0.998719009	0.00125668
1	1	2.5792E-06	0.999766892	0.000230529
1	1	2.56861E-06	0.999753798	0.000243633
1	1	7.79805E-05	0.997850043	0.002071977
1	1	0.003306895	0.983393828	0.013299277
1	1	2.40969E-05	0.999274078	0.000701825
1	1	4.93247E-05	0.998814612	0.001136063
1	1	1.33769E-05	0.99911755	0.000869074
1	1	1.21541E-05	0.999157977	0.000829869
1	1	0.000262573	0.988684718	0.011052708
1	1	3.02169E-05	0.998493175	0.001476608
1	1	0.002953505	0.98692367	0.010122824
1	1	2.44043E-06	0.999664815	0.000332745
1	1	5.47843E-06	0.999707569	0.000286953
1	1	2.39229E-05	0.99882663	0.001149447
1	1	0.000122545	0.996576453	0.003301001
1	1	6.98659E-06	0.998683131	0.001309883
1	1	0.00017647	0.998043381	0.001780148
1	1	0.011756715	0.509854097	0.478389187
1	1	0.070740663	0.471830852	0.457428485
1	0	0.946262325	0.002492584	0.051245091
1	1	0.035104852	0.859318272	0.105576876
1	1	5.4476E-05	0.999150747	0.000794777
1	1	2.59082E-05	0.999449532	0.00052456
1	1	0.000128202	0.99810078	0.001771018
1	1	1.27026E-05	0.997004519	0.002982779
1	1	2.37619E-05	0.998472992	0.001503247
1	1	6.68008E-05	0.996709404	0.003223795
1	1	1.57488E-05	0.998954611	0.00102964
1	1	2.65035E-05	0.998868079	0.001105417
1	1	4.68144E-05	0.99638615	0.003567036
1	1	1.12526E-05	0.999486347	0.0005024
1	1	1.25907E-05	0.999446551	0.000540858
1	1	8.48021E-06	0.999425326	0.000566193
1	1	1.92414E-05	0.99885629	0.001124469
1	1	1.75184E-05	0.99924048	0.000742001
1	1	9.80687E-06	0.998973223	0.00101697
1	1	9.34387E-06	0.999510495	0.000480161
1	1	3.81505E-06	0.999544243	0.000451942
1	1	3.68119E-06	0.999526833	0.000469485
1	1	0.005480591	0.977514315	0.017005094
1	1	5.52317E-05	0.998228449	0.001716319
1	1	1.59846E-05	0.999416467	0.000567549
1	1	0.000310524	0.994665076	0.0050244
1	1	2.51471E-05	0.998731904	0.001242948
1	1	3.59414E-05	0.997880175	0.002083883
1	1	9.04262E-06	0.999638705	0.000352253
1	1	6.97615E-06	0.998986562	0.001006462
1	1	3.57302E-05	0.996988985	0.002975285
1	1	0.000921644	0.99645487	0.002623486
1	1	0.005787431	0.870953478	0.12325909
1	1	1.2972E-05	0.999578937	0.000408091
1	1	7.96723E-05	0.997115991	0.002804337
1	1	3.86875E-05	0.998706406	0.001254906
1	1	1.99233E-05	0.998681802	0.001298275
1	1	1.69811E-05	0.99929308	0.000689939
1	1	6.14031E-05	0.999449158	0.000489439
1	1	7.54388E-05	0.998312737	0.001611824
1	1	1.57162E-05	0.999179728	0.000804555
1	1	9.80115E-06	0.999289275	0.000700924
1	1	2.96174E-05	0.999051497	0.000918886
1	1	4.75505E-05	0.999182909	0.00076954
1	1	9.09801E-06	0.999245104	0.000745798
1	1	2.87515E-07	0.999809181	0.000190532
1	1	4.83332E-06	0.999622966	0.000372201
1	1	1.12818E-05	0.999483852	0.000504867
1	1	9.7475E-06	0.999500739	0.000489513
1	1	8.66672E-06	0.999579512	0.000411821
1	1	0.001808051	0.986486555	0.011705393
1	1	1.47138E-05	0.999177427	0.000807859
1	1	8.77413E-06	0.999296854	0.000694372
1	1	3.74334E-05	0.997955231	0.002007336
1	1	1.3025E-05	0.999162808	0.000824167
1	1	1.0657E-05	0.999607573	0.00038177
1	1	5.2059E-06	0.999482196	0.000512598
1	1	4.39259E-06	0.999508386	0.000487221
1	1	1.3831E-05	0.999302337	0.000683832
1	1	0.000171471	0.99770674	0.002121789
1	1	0.000393303	0.992003063	0.007603633
1	1	0.006333491	0.870485909	0.1231806
1	1	3.09892E-05	0.999228945	0.000740066
1	1	3.38802E-05	0.998920641	0.001045479
1	1	0.000101326	0.997934665	0.001964009
1	1	4.39391E-05	0.99849502	0.001461041
1	1	3.77544E-05	0.998790909	0.001171337
1	1	2.75963E-05	0.999670116	0.000302288
1	1	1.53011E-05	0.998817191	0.001167508
1	1	1.89565E-05	0.998539386	0.001441658
1	1	6.37697E-06	0.999682187	0.000311436
1	1	0.114875013	0.721292466	0.163832521
1	1	1.20152E-05	0.999464883	0.000523101
1	1	0.000128939	0.997734522	0.002136539
1	1	1.39346E-05	0.999362239	0.000623827
1	1	9.56219E-06	0.996711363	0.003279075
1	1	1.64742E-05	0.999485976	0.00049755
1	1	0.000185381	0.99800691	0.001807709
1	1	3.77218E-05	0.997731202	0.002231076
1	1	6.08579E-05	0.998432194	0.001506948
1	1	1.90613E-05	0.999049287	0.000931652
1	1	0.076989872	0.823508512	0.099501616
1	1	0.000432998	0.952678277	0.046888726
1	1	7.24083E-06	0.999626025	0.000366734
1	1	1.41025E-05	0.999444229	0.000541669
1	1	3.74962E-06	0.999542951	0.0004533
1	1	3.42849E-05	0.998195062	0.001770654
1	1	6.10761E-05	0.992042062	0.007896862
1	1	2.9262E-05	0.996085311	0.003885427
1	1	2.19258E-05	0.998955922	0.001022152
1	1	0.084373946	0.458774433	0.456851621
1	1	5.03335E-05	0.998361603	0.001588064
1	1	1.51121E-05	0.999183221	0.000801667
1	1	5.47008E-05	0.998069335	0.001875964
1	1	2.13867E-05	0.999057238	0.000921375
1	1	2.05132E-05	0.9991573	0.000822187
1	1	3.20205E-05	0.998965156	0.001002824
1	1	2.89487E-05	0.998816893	0.001154158
1	1	1.6186E-05	0.99903658	0.000947234
1	1	1.28112E-05	0.999411814	0.000575375
1	1	2.95749E-05	0.998715633	0.001254792
1	1	0.000107489	0.996582235	0.003310276
1	1	0.015750459	0.825318637	0.158930903
1	1	5.26888E-05	0.999292791	0.000654521
1	1	7.86857E-06	0.999165569	0.000826563
1	0	0.839798966	0.089591687	0.070609347
1	1	1.67784E-06	0.999695239	0.000303083
1	1	7.01911E-05	0.998512207	0.001417602
1	1	1.64733E-06	0.999846842	0.000151511
1	1	0.006063751	0.932835228	0.061101021
1	1	0.000182696	0.997516936	0.002300368
1	1	4.9477E-06	0.998912451	0.001082602
1	1	2.86124E-06	0.999643225	0.000353914
1	1	1.65145E-05	0.998829428	0.001154058
1	1	4.63622E-05	0.993196305	0.006757333
1	1	3.32018E-05	0.998094161	0.001872637
1	1	0.000190528	0.994903048	0.004906424
1	1	3.28068E-06	0.998341563	0.001655156
1	1	3.87615E-05	0.994831405	0.005129834
1	1	0.009058465	0.812243098	0.178698437
1	1	8.83395E-06	0.999392142	0.000599025
1	1	4.91511E-05	0.993609798	0.006341051
1	1	8.93927E-06	0.999543839	0.000447222
1	1	0.000153602	0.987729406	0.012116992
1	1	1.71552E-05	0.998790472	0.001192372
1	1	8.02431E-06	0.999664578	0.000327398
1	1	4.05012E-06	0.999535481	0.000460469
1	1	4.1868E-06	0.999526046	0.000469767
1	1	0.000728558	0.968077855	0.031193587
1	1	1.71919E-05	0.999025586	0.000957222
1	1	2.43594E-05	0.998707994	0.001267647
1	1	0.000651345	0.992755157	0.006593498
1	1	0.006670411	0.987801282	0.005528307
1	1	1.13425E-05	0.999542687	0.000445971
1	1	2.53075E-05	0.998093047	0.001881645
1	1	0.000197177	0.996197377	0.003605446
1	1	8.32709E-06	0.999603592	0.000388081
1	1	0.000702721	0.978973242	0.020324038
1	1	6.05456E-06	0.993521489	0.006472456
1	1	0.000130368	0.989106762	0.01076287
1	1	3.86313E-06	0.999268444	0.000727693
1	1	0.000157263	0.982958725	0.016884012
1	1	0.000230262	0.936230258	0.06353948
1	1	8.32065E-06	0.994047662	0.005944017
1	1	4.995E-05	0.991944245	0.008005805
1	1	7.56873E-06	0.998815665	0.001176766
1	1	6.28765E-05	0.922712547	0.077224576
1	1	0.000991372	0.825620123	0.173388505
1	1	8.56567E-05	0.741957564	0.25795678
1	1	1.1781E-05	0.992998578	0.006989641
1	1	0.000741768	0.980616889	0.018641343
1	1	0.000360606	0.648869231	0.350770163
1	1	8.05307E-05	0.980030141	0.019889328
1	1	0.000310386	0.97580434	0.023885273
1	1	0.001040464	0.968130204	0.030829332
1	2	0.000570791	0.239695249	0.75973396
1	1	2.35536E-05	0.998568513	0.001407933
1	1	1.65381E-05	0.843709815	0.156273647
1	1	0.000104865	0.972253677	0.027641458
1	1	2.90875E-05	0.99909907	0.000871843
1	1	0.006548756	0.676934851	0.316516393
1	1	0.000193778	0.515045542	0.484760681
1	1	2.39613E-05	0.949546145	0.050429894
1	1	3.97831E-05	0.979248787	0.02071143
1	1	2.3637E-05	0.996208318	0.003768045
1	1	0.000147983	0.937428593	0.062423424
1	1	1.57985E-05	0.99850831	0.001475892
1	1	2.56781E-05	0.984646302	0.015328019
1	1	0.001264313	0.958173788	0.040561899
1	1	7.70184E-05	0.98820424	0.011718741
1	1	2.60309E-05	0.995783428	0.004190541
1	1	8.32244E-05	0.959474109	0.040442667
1	1	2.5871E-05	0.995821391	0.004152738
1	1	3.96175E-06	0.989728059	0.010267979
1	1	2.02193E-05	0.999327003	0.000652778
1	1	2.80963E-05	0.995437551	0.004534353
1	1	3.59737E-06	0.992422196	0.007574207
1	1	0.00041423	0.963591233	0.035994537
1	1	0.001416663	0.92085624	0.077727097
1	2	0.000307556	0.10801831	0.891674135
1	1	0.000946632	0.894848912	0.104204456
1	2	0.002253339	0.078446198	0.919300463
1	1	2.42017E-05	0.999013693	0.000962105
1	2	0.000410127	0.328360241	0.671229632
1	1	1.46014E-05	0.998606671	0.001378728
1	2	0.002105845	0.361628208	0.636265948
1	1	0.000121215	0.913709587	0.086169198
1	1	1.33231E-05	0.998487911	0.001498766
1	2	0.00435558	0.160622646	0.835021774
1	1	3.86362E-05	0.992806192	0.007155172
1	1	0.000205873	0.9403044	0.059489728
1	1	0.000468146	0.913171895	0.08635996
1	2	0.000250941	0.234454368	0.765294691
1	1	0.00054847	0.962637575	0.036813955
1	1	5.9128E-06	0.99681319	0.003180897
1	1	0.000150002	0.994555354	0.005294644
1	1	0.000938229	0.955217709	0.043844062
1	1	2.58744E-06	0.99915719	0.000840223
1	1	3.73586E-05	0.998753141	0.001209501
1	1	6.09101E-05	0.995200478	0.004738612
1	1	3.5707E-05	0.963326073	0.03663822
1	1	2.79353E-06	0.998397929	0.001599277
1	1	0.000718756	0.932776976	0.066504268
1	1	8.12703E-06	0.997687887	0.002303986
1	1	1.27665E-07	0.999841294	0.000158579
1	1	3.54011E-05	0.998332794	0.001631805
1	1	3.4193E-05	0.988082129	0.011883678
1	1	0.000732985	0.980899745	0.01836727
1	1	2.52185E-05	0.997072134	0.002902647
1	1	2.37542E-05	0.998747736	0.00122851
1	1	0.003644138	0.970217087	0.026138775
1	1	0.061019226	0.752190028	0.186790747
1	1	1.77449E-05	0.981655888	0.018326367
1	1	4.18638E-05	0.994227845	0.005730291
1	1	5.20473E-06	0.989612382	0.010382413
1	0	0.567843302	0.019405286	0.412751412
1	1	0.021001757	0.9024435	0.076554743
1	1	3.70702E-05	0.995711491	0.004251439
1	1	0.000236996	0.991568302	0.008194702
1	1	4.49628E-05	0.992652074	0.007302963
1	1	1.6212E-05	0.998442688	0.0015411
1	1	6.89547E-06	0.999155065	0.00083804
1	1	5.10426E-07	0.999680553	0.000318936
1	1	7.05333E-05	0.995385365	0.004544101
1	1	0.000271164	0.989765933	0.009962903
1	1	1.16854E-05	0.999533157	0.000455158
1	1	0.000585401	0.894122085	0.105292514
1	1	2.44709E-05	0.996379507	0.003596022
1	1	9.00545E-05	0.978538407	0.021371538
1	1	7.58937E-06	0.998738718	0.001253693
1	1	0.00042479	0.970819382	0.028755827
1	1	6.99731E-05	0.97609026	0.023839767
1	1	2.56073E-05	0.999266511	0.000707882
1	1	1.95625E-06	0.996823153	0.003174891
1	1	0.01161952	0.777268974	0.211111506
1	1	6.26302E-06	0.999452821	0.000540916
1	1	0.001181056	0.950234251	0.048584694
1	2	0.047024528	0.026609528	0.926365944
1	1	0.000171308	0.983098593	0.016730099
1	1	4.04105E-05	0.986372312	0.013587278
1	1	3.38727E-05	0.728766856	0.271199271
1	1	0.000437068	0.800258287	0.199304645
1	1	1.0272E-06	0.998430528	0.001568445
1	2	0.000513171	0.452484389	0.54700244
1	1	2.1707E-05	0.95899023	0.040988063
1	1	0.000148217	0.945979256	0.053872527
1	1	2.21124E-05	0.918079148	0.08189874
1	1	4.42735E-05	0.997778762	0.002176965
1	1	3.09667E-06	0.99931586	0.000681044
1	1	2.96308E-05	0.998703109	0.001267261
1	1	2.47049E-05	0.998693645	0.00128165
1	1	0.000294785	0.92861206	0.071093155
1	2	0.000530849	0.133783388	0.865685763
1	1	0.000190051	0.993703539	0.006106409
1	1	1.81006E-05	0.997439543	0.002542357
1	1	8.22714E-05	0.994726513	0.005191215
1	1	0.000185036	0.962079618	0.037735346
1	1	1.04767E-05	0.999643068	0.000346455
1	1	4.5272E-05	0.998378503	0.001576225
1	0	0.862890498	0.088569522	0.04853998
1	1	8.90177E-06	0.999340072	0.000651027
1	1	9.42072E-05	0.977542044	0.022363749
1	1	0.000294648	0.996575066	0.003130286
1	1	7.85411E-05	0.997614646	0.002306813
1	2	0.003983103	0.09955012	0.896466777
1	1	0.000127548	0.995193672	0.00467878
1	1	4.00797E-05	0.996765787	0.003194133
1	1	4.20852E-06	0.999100266	0.000895525
1	1	8.60461E-06	0.999487636	0.000503759
1	1	7.14284E-05	0.997987499	0.001941073
1	1	3.29347E-05	0.994630027	0.005337038
1	1	5.61183E-06	0.998966793	0.001027595
1	1	4.32066E-07	0.99981159	0.000187977
1	1	1.51261E-05	0.999012614	0.000972259
1	1	4.50375E-05	0.998986416	0.000968546
1	1	0.000211116	0.99232889	0.007459994
1	1	2.63942E-05	0.998633046	0.00134056
1	1	7.30689E-05	0.990734808	0.009192123
1	1	2.61102E-05	0.998915794	0.001058095
1	1	1.00135E-05	0.99922883	0.000761157
1	1	3.40225E-05	0.997216344	0.002749634
1	1	0.000246133	0.967789722	0.031964146
1	1	5.38462E-05	0.962253039	0.037693115
1	1	2.70234E-05	0.998594954	0.001378022
1	1	0.003221526	0.984816234	0.01196224
1	1	0.21097166	0.712103887	0.076924453
1	1	0.000851358	0.960330881	0.038817761
1	1	8.00192E-05	0.99775803	0.00216195
1	1	0.001331479	0.942834111	0.05583441
1	1	4.16092E-05	0.998212323	0.001746067
1	1	2.80336E-05	0.998494323	0.001477643
1	1	4.92871E-07	0.999782356	0.000217151
1	1	7.26287E-06	0.999465223	0.000527514
1	1	3.2589E-05	0.994678462	0.005288949
1	1	3.95353E-07	0.99981249	0.000187115
1	1	0.002069434	0.762250498	0.235680068
1	1	4.49246E-06	0.996894445	0.003101063
1	1	0.000104193	0.995938415	0.003957393
1	1	2.55005E-05	0.998689647	0.001284853
1	1	2.51392E-05	0.998418465	0.001556395
1	1	1.22128E-06	0.998288353	0.001710425
1	1	0.000240795	0.974274136	0.025485068
1	1	0.000133933	0.99683388	0.003032187
1	1	5.34067E-05	0.998227699	0.001718895
1	1	0.070602607	0.829287644	0.100109749
1	2	0.002862533	0.348802869	0.648334598
1	1	0.000692507	0.584562537	0.414744956
1	1	7.039E-06	0.999455065	0.000537896
1	1	0.000519555	0.776671011	0.222809434
1	1	7.71348E-05	0.989005012	0.010917854
1	1	5.20054E-06	0.990694872	0.009299927
1	1	6.19628E-05	0.99662926	0.003308778
1	1	2.84183E-05	0.989180961	0.010790621
1	1	1.23077E-05	0.948390545	0.051597147
1	1	0.000293042	0.997707333	0.001999626
1	1	7.13066E-06	0.99739667	0.002596199
1	1	7.59903E-06	0.999110993	0.000881408
1	1	2.13336E-05	0.994286871	0.005691796
1	1	1.27027E-05	0.996808323	0.003178974
1	1	0.000333871	0.96381416	0.035851969
1	1	0.000308037	0.977075813	0.02261615
1	1	4.25056E-05	0.994738629	0.005218865
1	1	1.3262E-05	0.997394177	0.002592561
1	2	0.228333772	0.071016232	0.700649996
1	1	1.21485E-05	0.890112372	0.109875479
1	1	5.93611E-07	0.999358253	0.000641153
1	2	0.108478055	0.201552098	0.689969847
1	1	0.002088468	0.659070625	0.338840908
1	1	4.71474E-05	0.99170195	0.008250903
1	2	0.000409549	0.185230722	0.814359728
1	1	0.003271921	0.756934818	0.239793262
1	1	2.42704E-06	0.999560993	0.00043658
1	1	6.14789E-07	0.998914397	0.001084988
1	1	0.013118794	0.78191485	0.204966356
1	2	0.277279827	0.310265134	0.412455039
1	1	0.000258451	0.947144916	0.052596633
1	1	4.26332E-05	0.993742291	0.006215076
1	1	0.000290506	0.875388402	0.124321093
1	2	0.008464787	0.052066143	0.939469069
1	1	0.000158147	0.92599668	0.073845173
1	1	1.11078E-05	0.986820906	0.013167986
1	1	7.57373E-05	0.998760899	0.001163364
1	2	0.006875314	0.18198738	0.811137306
1	1	7.44873E-06	0.9650576	0.034934951
1	1	0.000118587	0.99893437	0.000947043
1	1	0.000323354	0.955078447	0.044598199
1	1	7.82419E-06	0.997213249	0.002778926
1	1	5.16728E-05	0.997823954	0.002124373
1	1	0.000543763	0.872409068	0.127047169
1	1	7.70484E-05	0.982969389	0.016953562
1	1	3.74952E-05	0.993920972	0.006041532
1	1	3.51306E-06	0.999576473	0.000420014
1	1	4.55977E-05	0.995556613	0.004397789
1	1	9.64683E-05	0.98995466	0.009948872
1	1	4.43457E-06	0.994535418	0.005460147
1	1	3.41757E-05	0.949808698	0.050157126
1	1	0.000420969	0.979071249	0.020507782
1	1	2.97959E-05	0.989019389	0.010950816
1	1	0.000114076	0.997554669	0.002331255
1	1	0.000100829	0.989079405	0.010819766
1	2	0.442486647	0.082467996	0.475045357
1	1	0.003193978	0.648957471	0.34784855
1	0	0.787144812	0.003880687	0.2089745
1	1	2.05482E-05	0.999362326	0.000617126
1	1	0.007731129	0.942046782	0.050222088
1	1	1.01745E-05	0.997378572	0.002611254
1	1	1.44667E-08	0.999886441	0.000113545
1	1	2.64829E-06	0.998003921	0.001993431
1	1	2.75654E-06	0.997670144	0.0023271
1	1	0.002594435	0.59559976	0.401805804
1	1	7.63116E-06	0.997232498	0.002759871
1	1	4.98943E-05	0.993318471	0.006631635
1	1	6.05291E-07	0.999743477	0.000255917
1	1	1.11841E-05	0.994096587	0.005892229
1	1	8.03891E-06	0.992015153	0.007976808
1	1	0.002011908	0.927398458	0.070589634
1	2	0.447975496	0.023526761	0.528497743
1	1	3.8203E-06	0.999617713	0.000378467
1	1	4.46291E-05	0.995485629	0.004469742
1	1	2.37305E-06	0.999663582	0.000334044
1	1	5.37897E-05	0.998473466	0.001472744
1	1	1.21754E-05	0.999905199	8.26253E-05
1	1	2.38568E-06	0.999674087	0.000323528
1	1	5.88142E-05	0.994288519	0.005652667
1	1	9.9202E-06	0.999662552	0.000327528
1	1	0.001015367	0.99490768	0.004076953
1	1	1.0399E-05	0.999300691	0.00068891
1	1	1.11665E-05	0.9991091	0.000879734
1	1	4.00104E-06	0.999542926	0.000453073
1	1	1.19539E-06	0.999858871	0.000139934
1	1	2.56243E-05	0.999032623	0.000941753
1	1	3.51259E-07	0.999957464	4.21851E-05
1	1	1.29645E-05	0.999305454	0.000681581
1	1	1.00529E-07	0.999975504	2.43952E-05
1	1	1.6395E-06	0.999881988	0.000116372
1	1	8.81316E-06	0.999636035	0.000355152
1	1	4.22876E-06	0.999598266	0.000397505
1	1	1.90549E-05	0.999311451	0.000669494
1	1	2.41333E-06	0.999695684	0.000301903
1	1	3.34295E-07	0.999957804	4.18616E-05
1	1	1.46297E-06	0.999855133	0.000143404
1	1	0.000308051	0.995165179	0.00452677
1	0	0.57371643	0.294516565	0.131767005
1	1	1.12464E-06	0.999856671	0.000142205
1	1	1.24429E-05	0.99943633	0.000551227
1	1	1.88569E-05	0.98892902	0.011052123
1	1	0.000303502	0.979588206	0.020108292
1	1	1.80464E-05	0.80118374	0.198798214
1	2	0.005599582	0.001339628	0.993060791
1	2	0.000330862	0.321805242	0.677863896
1	1	0.001319647	0.981580598	0.017099755
1	1	1.25091E-05	0.992174414	0.007813077
1	1	3.81754E-05	0.99439716	0.005564664
1	1	7.62227E-05	0.971171888	0.028751889
1	1	2.6217E-06	0.999511566	0.000485812
1	1	5.34568E-05	0.980849771	0.019096772
1	1	0.00058168	0.992041337	0.007376983
1	1	6.45344E-05	0.979402278	0.020533187
1	1	1.63578E-06	0.998612856	0.001385508
1	1	2.6586E-05	0.989824892	0.010148522
1	1	4.03547E-05	0.997499914	0.002459731
1	1	0.000133019	0.977634901	0.02223208
2	2	0.10757005	0.005166225	0.887263725
2	2	0.006439354	0.000860904	0.992699741
2	2	0.04493192	0.002893447	0.952174633
2	2	0.006510714	0.010351683	0.983137603
2	2	0.012984543	0.004653686	0.982361771
2	2	0.006834539	0.001496889	0.991668572
2	2	0.05523446	0.003347745	0.941417795
2	2	0.004000065	0.001031806	0.994968129
2	2	0.360757757	0.003364256	0.635877987
2	2	0.019885012	0.006937672	0.973177315
2	2	0.002512098	0.001716038	0.995771864
2	2	0.00978409	0.000955479	0.989260431
2	2	0.172090976	0.002958621	0.824950403
2	2	0.084641258	0.00218895	0.913169792
2	2	0.012629582	0.000891582	0.986478836
2	2	0.005886954	0.002395133	0.991717913
2	0	0.502374486	0.004706035	0.492919478
2	2	0.022490387	0.002070288	0.975439325
2	0	0.887747985	0.001688749	0.110563266
2	0	0.702935073	0.00130013	0.295764796
2	0	0.659668171	0.004020623	0.336311205
2	2	0.008242286	0.001685695	0.99007202
2	2	0.045886685	0.002960254	0.951153061
2	2	0.036575873	0.002890671	0.960533456
2	2	0.017762163	0.003395566	0.978842271
2	2	0.04856842	0.000375039	0.951056542
2	2	0.074993343	0.003048956	0.921957701
2	2	0.023594542	0.001621928	0.97478353
2	2	0.003925644	0.000489354	0.995585002
2	2	0.004276499	0.000632	0.995091501
2	2	0.02484727	0.007621307	0.967531422
2	2	0.002763054	0.000549986	0.99668696
2	2	0.008276492	0.00081801	0.990905498
2	2	0.011329048	0.001769629	0.986901323
2	2	0.09503123	0.017205095	0.887763675
2	2	0.011054789	0.001556537	0.987388673
2	2	0.009245226	0.001445142	0.989309632
2	2	0.004309114	0.000303168	0.995387718
2	0	0.745645741	0.003630791	0.250723468
2	2	0.013755698	0.002611052	0.983633251
2	2	0.000911755	0.000526932	0.998561314
2	2	0.033565392	0.003971705	0.962462903
2	2	0.015992616	0.012423963	0.97158342
2	2	0.047434213	0.03406409	0.918501697
2	0	0.914697896	0.001001094	0.08430101
2	2	0.016580754	0.002252279	0.981166967
2	2	0.013544713	0.003566185	0.982889102
2	2	0.016475969	0.256032115	0.727491916
2	2	0.002059497	0.000131567	0.997808936
2	2	0.006615126	0.000952523	0.992432351
2	2	0.003712697	0.0007738	0.995513502
2	0	0.636308889	0.004417545	0.359273566
2	2	0.049186846	0.006246531	0.944566624
2	2	0.230480023	0.004299351	0.765220625
2	2	0.019080729	0.002068821	0.97885045
2	2	0.002848511	0.00547557	0.991675919
2	2	0.377640417	0.00265526	0.619704323
2	2	0.003349198	0.000278655	0.996372147
2	2	0.037884053	0.003557757	0.95855819
2	0	0.752879819	0.004425156	0.242695025
2	0	0.958136799	0.000673404	0.041189796
2	2	0.011655784	0.001509536	0.98683468
2	1	0.000620506	0.514800753	0.484578741
2	2	0.008669523	0.001024714	0.990305763
2	2	0.002383045	0.000588534	0.997028421
2	2	0.013018115	0.000897575	0.986084309
2	2	0.031286577	0.002012523	0.9667009
2	2	0.002916548	0.000631663	0.996451789
2	2	0.004549666	0.00886095	0.986589384
2	2	0.003892568	0.001479152	0.99462828
2	2	0.015039081	0.00162361	0.983337309
2	2	0.041141112	0.000609637	0.958249251
2	2	0.020203772	0.002031286	0.977764942
2	2	0.00794072	0.004828346	0.987230934
2	2	0.008259677	0.000868216	0.990872107
2	2	0.028134983	0.005140312	0.966724705
2	1	0.054450572	0.49077872	0.454770708
2	0	0.911186093	0.001348169	0.087465738
2	2	0.004367962	0.000578392	0.995053645
2	2	0.058891922	0.002118915	0.938989163
2	2	0.022234886	0.001569979	0.976195135
2	2	0.090187526	0.0308949	0.878917574
2	2	5.61333E-05	2.45873E-05	0.999919279
2	2	0.035474142	0.137112811	0.827413048
2	2	0.013263623	0.007155099	0.979581278
2	2	0.011944699	0.002418839	0.985636462
2	0	0.852432184	0.000955227	0.146612589
2	2	0.0025507	0.000332428	0.997116872
2	2	0.240974247	0.002762097	0.756263657
2	2	0.347548709	0.003599176	0.648852115
2	2	0.275695486	0.007504456	0.716800059
2	2	0.114971358	0.002507241	0.882521401
2	2	0.008452994	0.001036263	0.990510743
2	2	0.045666829	0.000611202	0.953721969
2	2	0.00661642	0.001054803	0.992328776
2	2	0.010272786	0.003094104	0.986633111
2	2	0.004192622	0.360044046	0.635763332
2	2	0.029730371	0.001652797	0.968616832
2	2	0.090568512	0.004547632	0.904883857
2	2	0.009679968	0.009627838	0.980692194
2	2	0.05205617	0.005644171	0.942299659
2	2	0.017362764	0.001582851	0.981054385
2	2	0.008800031	0.00154613	0.989653839
2	2	0.001786556	0.000775916	0.997437528
2	2	0.043461418	0.003673238	0.952865344
2	1	0.04184676	0.492559066	0.465594174
2	2	0.001685395	0.169745498	0.828569106
2	2	0.043296408	0.007171176	0.949532416
2	2	0.024804879	0.012689062	0.962506059
2	2	0.006694726	0.001109845	0.992195429
2	0	0.917814381	0.006937179	0.07524844
2	0	0.801596237	0.002621129	0.195782634
2	2	0.013868266	0.001563463	0.984568271
2	2	0.219772172	0.021615085	0.758612744
2	2	0.055548022	0.000525843	0.943926134
2	2	0.013928584	0.001365394	0.984706022
2	2	0.001564878	0.000480469	0.997954653
2	1	0.000191327	0.523232913	0.476575761
2	2	0.004584033	0.002367842	0.993048125
2	2	0.006281542	0.008448724	0.985269734
2	2	0.012088586	0.001807531	0.986103883
2	2	0.00971727	0.001865641	0.988417088
2	2	0.006687465	0.49409851	0.499214025
2	2	0.001647739	0.053995669	0.944356592
2	2	0.006131896	0.00297756	0.990890544
2	2	0.003808536	0.000592055	0.995599408
2	2	0.018100266	0.00515376	0.976745974
2	2	0.024101188	0.00379643	0.972102382
2	2	0.033897329	0.0017701	0.964332571
2	2	0.007899128	0.002449913	0.98965096
2	2	0.005341021	0.001474055	0.993184924
2	2	0.001565659	0.000480421	0.99795392
2	2	0.036092373	0.002323981	0.961583647
2	2	0.027838247	0.001371097	0.970790657
2	2	0.001283699	0.004508867	0.994207434
2	2	0.005326206	0.002161795	0.992511999
2	2	0.388834258	0.188850025	0.422315718
2	2	0.009483539	0.00303514	0.987481321
2	2	0.010507757	0.001757889	0.987734353
2	0	0.806848269	0.00213985	0.191011881
2	2	0.008387101	0.000632355	0.990980545
2	2	0.004479949	0.004027362	0.991492689
2	2	0.022899941	0.002200609	0.97489945
2	2	0.006015797	0.001522097	0.992462106
2	2	0.064079732	0.007180924	0.928739344
2	2	0.054774388	0.00311498	0.942110632
2	2	0.417080783	0.024125755	0.558793462
2	2	0.010113172	0.001040747	0.988846081
2	2	0.08641166	0.002242346	0.911345994
2	2	0.00676802	0.00698321	0.98624877
2	2	0.007522257	0.006467995	0.986009747
2	2	0.015592449	0.001920886	0.982486664
2	2	0.018723881	0.002111502	0.979164616
2	2	0.029342783	0.007471133	0.963186084
2	2	0.001394154	0.04610806	0.952497786
2	2	0.429326998	0.005846358	0.564826645
2	2	0.085958115	0.003208361	0.910833524
2	2	0.011071029	0.001670682	0.987258289
2	2	0.005308665	0.002872665	0.99181867
2	2	0.029112242	0.07199947	0.898888288
2	2	0.038952977	0.00208143	0.958965593
2	2	0.150162689	0.00214367	0.847693641
2	0	0.95411223	0.000949881	0.04493789
2	0	0.642257717	0.004275451	0.353466831
2	2	0.031940051	0.003607304	0.964452645
2	1	0.000421338	0.610500771	0.389077891
2	2	0.282145253	0.0026835	0.715171247
2	2	0.005476093	0.001264393	0.993259514
2	2	0.040896403	0.007791568	0.951312029
2	2	0.044171677	0.001427442	0.954400881
2	0	0.814565788	0.000452827	0.184981385
2	2	0.053969049	0.001856719	0.944174232
2	2	0.01426651	0.002039521	0.983693969
2	2	0.007197204	0.001130537	0.991672259
2	2	0.061929997	0.006748395	0.931321609
2	2	0.047082299	0.002789318	0.950128383
2	2	0.058496685	0.00160652	0.939896796
2	2	0.115488297	0.006930758	0.877580945
2	2	0.03618477	0.010220937	0.953594293
2	2	0.007261804	0.000931395	0.991806801
2	2	0.019476314	0.00409759	0.976426096
2	2	0.087109093	0.002966733	0.909924175
2	2	0.038537692	0.0095844	0.951877908
2	2	0.00980224	0.000587788	0.989609972
2	2	0.03041357	0.003562238	0.966024193
2	2	0.036756053	0.019832121	0.943411826
2	2	0.00877744	0.001836359	0.989386201
2	2	0.019116708	0.001363238	0.979520054
2	2	0.030812158	0.04629849	0.922889352
2	2	0.014840326	0.001334489	0.983825185
2	0	0.644227655	0.008728139	0.347044206
2	2	0.015543288	0.001928667	0.982528046
2	2	0.110303011	0.012851123	0.876845866
2	2	0.270111173	0.001355315	0.728533512
2	2	0.026465027	0.004477318	0.969057656
2	2	0.031254897	0.001670088	0.967075015
2	0	0.826281213	0.001677384	0.172041404
2	2	0.364495447	0.005319153	0.6301854
2	2	0.019430624	0.004483708	0.976085669
2	2	0.029895386	0.002131667	0.967972948
2	2	0.03166295	0.00119321	0.96714384
2	1	0.001305988	0.796048192	0.20264582
2	2	0.267227254	0.007244912	0.725527834
2	0	0.979241046	0.001445966	0.019312988
2	0	0.944420353	0.001103041	0.054476606
2	2	0.000416564	5.32736E-05	0.999530162
2	2	0.494383529	0.001699462	0.503917009
2	2	0.169523077	0.00448164	0.825995283
2	2	0.00764083	0.00047507	0.9918841
2	2	0.003670964	0.001516423	0.994812612
2	2	0.008255089	0.002017239	0.989727672
2	2	0.006515841	0.001173436	0.992310723
2	2	0.122418731	0.003959617	0.873621652
2	2	0.085634574	0.003596601	0.910768825
2	2	0.0392802	0.001691508	0.959028292
2	2	0.101268644	0.010993199	0.887738156
2	2	0.005314638	0.001552032	0.99313333
2	2	0.018971425	0.002124282	0.978904293
2	2	0.017021482	0.00530461	0.977673908
2	2	0.020941961	0.00111166	0.977946379
2	2	0.022605304	0.002738703	0.974655992
2	2	0.041446554	0.004800426	0.953753019
2	2	0.390742509	0.003700429	0.605557062
2	2	0.010698298	0.001497332	0.98780437
2	0	0.869219828	0.001174563	0.129605609
2	2	0.175745377	0.001846951	0.822407672
2	2	0.003829307	0.000632221	0.995538472
2	0	0.947596169	0.000937469	0.051466362
2	2	0.309333717	0.003813017	0.686853266
2	2	0.037075027	0.001858452	0.961066521
2	0	0.555842269	0.00265484	0.44150289
2	2	0.084402489	0.00126263	0.914334881
2	2	0.030356356	0.012258333	0.957385311
2	2	0.191946041	0.002432244	0.805621715
2	0	0.945830405	0.000857498	0.053312098
2	0	0.804835884	0.002386286	0.19277783
2	2	0.012382493	0.001886425	0.985731082
2	2	0.032685485	0.000669738	0.966644778
2	2	0.312203667	0.008637004	0.679159329
2	2	0.050069421	0.003866348	0.946064231
2	2	0.36308188	0.00362817	0.63328995
2	2	0.204613418	0.002862864	0.792523718
2	2	0.006078497	0.005056919	0.988864584
2	0	0.996133927	8.32075E-05	0.003782865
2	2	0.02679939	0.004767772	0.968432838
2	2	0.056172624	0.013134331	0.930693045
2	2	0.019525772	0.002253614	0.978220614
2	2	0.014019769	0.001938411	0.98404182
2	2	0.087837391	0.025479833	0.886682775
2	2	0.443112544	0.001301248	0.555586208
2	2	0.108318715	0.006512855	0.88516843
2	2	0.325307604	0.002145926	0.67254647
2	0	0.643972329	0.002325316	0.353702356
2	2	0.015115279	0.002379062	0.982505659
2	2	0.123424857	0.004014178	0.872560965
2	0	0.983887786	0.000132631	0.015979583
2	2	0.090473035	0.002155563	0.907371402
2	2	0.093292899	0.010345421	0.89636168
2	2	0.042240615	0.006314081	0.951445304
2	2	0.004959612	0.001844904	0.993195484
2	2	0.010082986	0.001258033	0.988658981
2	2	0.124635464	0.003535636	0.8718289
2	2	0.091275293	0.003321711	0.905402995
2	2	0.010474953	0.00438192	0.985143128
2	0	0.862844543	0.001266978	0.135888479
2	0	0.908336206	0.000949533	0.090714261
2	2	0.021285863	0.002733118	0.975981019
2	2	0.041066375	0.001659622	0.957274003
2	2	0.311878871	0.004834196	0.683286933
2	2	0.058690342	0.004223547	0.937086112
2	2	0.030717069	0.003230117	0.966052813
2	2	0.028529587	0.003170666	0.968299747
2	2	0.02633103	0.067751601	0.905917368
2	2	0.005725298	0.000515764	0.993758937
2	2	0.047490981	0.007079051	0.945429968
2	2	0.007382392	0.00103956	0.991578048
2	1	2.9529E-05	0.978497011	0.02147346
2	2	0.004272582	0.003831354	0.991896064
2	0	0.881561115	0.001131896	0.117306988
2	2	0.004293402	0.001067991	0.994638607
2	2	0.025207107	0.002627482	0.972165411
2	2	0.014607331	0.001886878	0.983505791
2	0	0.550095483	0.002397657	0.447506861
2	2	0.00289322	0.000486203	0.996620577
2	2	0.036120458	0.051679408	0.912200134
2	0	0.545787795	0.007224877	0.446987328
2	2	0.002564955	0.069612263	0.927822782
2	0	0.939002968	0.001345571	0.059651461
2	0	0.523119869	0.003447022	0.473433109
2	1	0.000638832	0.742769541	0.256591627
2	2	0.001417181	0.000166838	0.99841598
2	2	0.075715434	0.032181187	0.892103379
2	2	0.021487638	0.006588184	0.971924178
2	2	0.039317308	0.001899641	0.958783051
2	2	0.258714055	0.005585218	0.735700728
2	0	0.959814933	0.000742703	0.039442365
2	2	0.241440746	0.024621599	0.733937654
2	2	0.007616636	0.023896568	0.968486796
2	2	0.03743364	0.001474722	0.961091638
2	2	0.052318906	0.001855878	0.945825217
2	2	0.036668895	0.001605811	0.961725294
2	2	0.033132818	0.008602254	0.958264927
2	0	0.897921591	0.001816811	0.100261598
2	0	0.946902191	0.001079498	0.052018312
2	0	0.979913379	0.00033246	0.019754162
2	2	0.057777839	0.01006139	0.932160771
2	2	0.160782979	0.001520829	0.837696193
2	0	0.853443891	0.001055569	0.14550054
2	2	0.043411992	0.001278178	0.95530983
2	2	0.185310204	0.004449231	0.810240566
2	2	0.004097366	0.001100147	0.994802487
2	2	0.155828795	0.003283658	0.840887547
2	2	0.123730993	0.002068471	0.874200536
2	2	0.019734378	0.001822961	0.978442661
2	2	0.138662753	0.001412618	0.859924629
2	2	0.015852391	0.001627948	0.982519661
2	2	0.449987457	0.003684444	0.546328099
2	2	0.006863298	0.000476822	0.99265988
2	2	0.018529599	0.002139708	0.979330693
2	0	0.70076688	0.004645854	0.294587266
2	2	0.016557421	0.00247994	0.980962639
2	2	0.014473855	0.002590223	0.982935922
2	2	0.025304117	0.006080988	0.968614895
2	2	0.064880152	0.077087547	0.858032302
2	2	0.01476184	0.002202395	0.983035764
2	2	0.044870359	0.002451199	0.952678441
2	2	0.406019673	0.001864889	0.592115438
2	2	0.07418088	0.000529833	0.925289287
2	0	0.932736565	0.001285339	0.065978096
2	0	0.642020682	0.005137263	0.352842054
2	2	0.010878792	0.000990263	0.988130945
2	2	0.010539662	0.001793458	0.98766688
2	0	0.81879894	0.001348292	0.179852768
2	0	0.974867737	0.00050875	0.024623513
2	0	0.997416216	4.88485E-05	0.002534935
2	2	0.347110614	0.004855167	0.648034219
2	0	0.930152819	0.000906331	0.06894085
2	2	0.362802443	0.007362197	0.62983536
2	2	0.010853763	0.001512573	0.987633664
2	2	0.080240991	0.002825921	0.916933087
2	2	0.021405836	0.000639201	0.977954963
2	1	0.026233734	0.841971471	0.131794795
2	2	0.026238281	0.002477177	0.971284542
2	0	0.761743202	0.0038145	0.234442298
2	2	0.021399768	0.001215773	0.977384459
2	2	0.029727923	0.00589077	0.964381307
2	2	0.009629218	0.001758748	0.988612035
2	2	0.127811114	0.003961622	0.868227264
2	2	0.012619888	0.003627973	0.98375214
2	2	0.011103346	0.001722448	0.987174206
2	2	0.115428129	0.004020668	0.880551203
2	2	0.006044049	0.000614881	0.99334107
2	2	0.149180755	0.001989451	0.848829795
2	2	0.056839915	0.006670126	0.936489959
2	2	0.007177176	0.001335634	0.99148719
2	1	0.004402879	0.701456307	0.294140814
2	2	0.010417717	0.000964359	0.988617924
2	2	0.05871232	0.001879958	0.939407721
2	2	0.274155536	0.004875856	0.720968608
2	2	0.028483008	0.003250171	0.968266821
2	2	0.062045903	0.001992469	0.935961628
2	2	0.364497753	0.002723779	0.632778467
2	0	0.826513118	0.002341088	0.171145794
2	0	0.78674201	0.001953457	0.211304534
2	0	0.972184831	0.000357488	0.027457681
2	2	0.011362362	0.003475389	0.985162249
2	2	0.017379541	0.004244796	0.978375663
2	2	0.046352326	0.001831933	0.951815742
2	2	0.016132095	0.00165237	0.982215535
2	2	0.018712065	0.00166424	0.979623695
2	0	0.770557706	0.002699899	0.226742394
2	2	0.009722186	0.000470298	0.989807516
2	2	0.14821563	0.003285991	0.848498379
2	2	0.140122801	0.004348884	0.855528315
2	2	0.219733784	0.013779979	0.766486237
2	2	0.387069865	0.075173984	0.537756151
2	2	0.004409367	0.001397844	0.994192789
2	2	0.012718158	0.00071536	0.986566482
2	2	0.030421225	0.002924842	0.966653933
2	2	0.000934721	0.000426942	0.998638337
2	2	0.012188696	0.001759463	0.986051841
2	2	0.000926773	7.44486E-05	0.998998778
2	2	0.026852163	0.002613908	0.97053393
2	2	0.03270784	0.033629875	0.933662286
2	2	0.012532271	0.001417801	0.986049928
2	2	0.066770741	0.001292483	0.931936776
2	2	0.011740834	0.002341456	0.98591771
2	2	0.158975108	0.187325479	0.653699413
2	0	0.978279327	0.000397482	0.021323191
2	2	0.02051316	0.001137652	0.978349187
2	0	0.766915569	0.001978377	0.231106054
2	2	0.066233312	0.000880191	0.932886497
2	2	0.136697319	0.328247904	0.535054777
2	2	0.288802167	0.017565591	0.693632242
2	2	0.00693718	0.001982771	0.991080049
2	2	0.008699663	0.001122754	0.990177583
2	1	0.001958934	0.599862524	0.398178542
2	0	0.533794114	0.002843143	0.463362743
2	2	0.054501974	0.003562409	0.941935617
2	2	0.010712169	0.0009937	0.988294131
2	2	0.005921417	0.000934518	0.993144065
2	0	0.692270625	0.007550977	0.300178398
2	2	0.047364414	0.006703107	0.945932479
2	0	0.919171584	0.000848719	0.079979697
2	2	0.006187779	0.001660263	0.992151957
2	2	0.006045961	0.001391094	0.992562945
2	2	0.003553926	0.000639642	0.995806432
2	0	0.731362499	0.002926506	0.265710995
2	2	0.015364769	0.004905108	0.979730123
2	2	0.361357376	0.004567506	0.634075118
2	0	0.988301125	0.000182298	0.011516577
2	2	0.038175138	0.011233321	0.950591541
2	2	0.146050755	0.004613811	0.849335434
2	2	0.034939522	0.002190256	0.962870221
2	0	0.886413126	0.004909554	0.10867732
2	0	0.892049209	0.001506549	0.106444242
2	0	0.873796704	0.001323987	0.124879309
2	0	0.934361161	0.001434997	0.064203842
2	2	0.255691776	0.033094686	0.711213538
2	2	0.105559725	0.0018953	0.892544976
2	0	0.614562271	0.001948988	0.383488741
2	2	0.024585191	0.002648105	0.972766704
2	2	0.023943561	0.002652226	0.973404213
2	2	0.166857108	0.004211159	0.828931734
2	2	0.118418968	0.003947683	0.877633349
2	2	0.128794878	0.0073362	0.863868922
2	2	0.038544522	0.001665981	0.959789497
2	0	0.785412795	0.001647418	0.212939786
2	0	0.522937071	0.001422991	0.475639938
2	2	0.311882035	0.002428382	0.685689583
2	0	0.644414217	0.003582073	0.35200371
2	0	0.755565561	0.001991457	0.242442982
2	2	0.008604864	0.001075653	0.990319484
2	2	0.011135696	0.00247034	0.986393964
2	2	0.012519148	0.000590113	0.986890738
2	2	0.050379629	0.001874022	0.947746349
2	2	0.025407262	0.000861772	0.973730966
2	2	0.181523219	0.002746654	0.815730127
2	2	0.071259578	0.011812157	0.916928265
2	2	0.078758721	0.00636484	0.914876439
2	2	0.162423166	0.011485726	0.826091107
2	2	0.025112202	0.009476868	0.965410931
2	2	0.023573084	0.003211395	0.97321552
2	0	0.991973078	0.000147961	0.00787896
2	2	0.00035459	0.368708387	0.630937023
2	2	0.041902805	0.005251705	0.952845491
2	2	0.004518761	0.000784615	0.994696624
2	2	0.089033848	0.006977681	0.903988472
2	2	0.069865785	0.005428029	0.924706186
2	0	0.966473371	0.00243453	0.031092099
2	1	0.005851228	0.774758644	0.219390128
2	2	0.363710827	0.004939969	0.631349203
2	0	0.543434017	0.005096267	0.451469716
2	0	0.873306522	0.012615	0.114078477
2	0	0.983128256	0.000242887	0.016628857
2	0	0.939935716	0.001530067	0.058534217
2	0	0.570974124	0.00165855	0.427367326
2	0	0.821142857	0.002149418	0.176707725
2	2	0.017017067	0.001939474	0.981043459
2	2	0.020063804	0.056577841	0.923358355
2	0	0.851303785	0.001999244	0.146696971
2	0	0.810676076	0.00197579	0.187348133
2	2	0.118480768	0.000877701	0.880641531
2	2	0.258898997	0.038395414	0.70270559
2	2	0.308105554	0.035447135	0.656447311
2	2	0.00427157	0.000291878	0.995436552
2	0	0.558273056	0.04922237	0.392504574
2	2	0.143609782	0.003611777	0.852778442
2	0	0.816843109	0.001495031	0.181661859
2	0	0.676526251	0.012449385	0.311024364
2	0	0.951393573	0.000806322	0.047800105
2	2	0.005259778	0.000688933	0.994051289
2	2	0.448443868	0.004044603	0.547511529
2	2	0.026390383	0.000691771	0.972917847
2	2	0.256577362	0.018525168	0.72489747
2	0	0.757521856	0.004862985	0.23761516
2	2	0.02257591	0.00296413	0.97445996
2	2	0.041002124	0.003508273	0.955489603
2	2	0.168656111	0.002143547	0.829200343
2	2	0.031112948	0.004373327	0.964513725
2	2	0.242845792	0.004935859	0.75221835
2	2	0.006895068	0.005970355	0.987134577
2	2	0.018266653	0.001121063	0.980612284
2	2	0.188791696	0.005240119	0.805968185
2	2	0.040444456	0.007398887	0.952156657
2	2	0.271407416	0.003411735	0.725180849
2	2	0.039110906	0.005325472	0.955563622
2	2	0.114063972	0.001314898	0.884621129
2	2	0.094151562	0.001508033	0.904340406
2	2	0.001848114	0.179821715	0.818330171
2	2	0.320341235	0.003663016	0.675995749
2	1	0.087280756	0.487616876	0.425102368
2	0	0.80526353	0.00476582	0.189970651
2	2	0.047856758	0.001810336	0.950332906
2	2	0.000348248	0.000147542	0.99950421
2	0	0.502084469	0.000329549	0.497585982
2	1	0.02501397	0.508636938	0.466349092
2	2	0.041411367	0.006026434	0.952562199
2	2	0.027050465	0.010478276	0.962471258
2	2	0.058429102	0.010147365	0.931423532
2	2	0.012478254	0.004936159	0.982585587
2	2	0.0328067	0.057113058	0.910080242
2	2	0.009908777	0.002152265	0.987938958
2	2	0.00358691	0.00046888	0.99594421
2	2	0.019947463	0.001277368	0.978775169
2	2	0.051111918	0.006405248	0.942482833
2	2	0.013794667	0.003231938	0.982973395
2	0	0.529470788	0.003646537	0.466882675
2	2	0.004089988	0.001706496	0.994203517
2	1	0.019537051	0.588756505	0.391706445
2	2	0.010568772	0.001608181	0.987823048
2	1	0.000808205	0.546568638	0.452623157
2	2	0.027180711	0.0025171	0.970302189
2	2	0.390286052	0.007158353	0.602555595
2	2	0.245416232	0.002794786	0.751788982
2	0	0.989566847	0.00015452	0.010278633
2	2	0.096406544	0.004331761	0.899261695
2	2	0.254801797	0.001982752	0.743215451
2	2	0.027101004	0.008050795	0.964848201
2	2	0.026863672	0.000631647	0.972504681
2	2	0.146110257	0.003017901	0.850871842
2	2	0.003803771	0.001345268	0.994850961
2	2	0.29740378	0.03426042	0.668335801
2	0	0.860185705	0.001164915	0.13864938
2	2	0.09838121	0.003636966	0.897981824
2	0	0.955576971	0.001163596	0.043259433
2	2	0.030118026	0.002857434	0.96702454
2	2	0.012050498	0.001703365	0.986246137
2	2	0.09146746	0.002311469	0.906221071
2	2	0.147891598	0.001646546	0.850461856
2	2	0.048911576	0.004263601	0.946824823
2	2	0.280473511	0.136589392	0.582937097
2	0	0.609565076	0.00389092	0.386544004
2	2	0.013079698	0.001703971	0.985216331
2	2	0.056806667	0.004439109	0.938754224
2	0	0.509217543	0.007705816	0.483076641
2	2	0.007381804	0.000722396	0.9918958
2	2	0.196938869	0.004514495	0.798546636
2	2	0.223057457	0.000805276	0.776137267
2	0	0.749561085	0.002002283	0.248436633
2	0	0.888664281	0.001463337	0.109872382
2	2	0.033573825	0.001697653	0.964728522
2	2	0.035885571	0.002382941	0.961731488
2	2	0.003507531	0.000726448	0.995766021
2	0	0.820812483	0.001185536	0.178001982
2	0	0.831283888	0.001903456	0.166812655
2	2	0.085009114	0.002061551	0.912929335
2	2	0.010391311	0.001720079	0.987888611
2	0	0.941826545	0.000963889	0.057209566
2	0	0.50387646	0.003063417	0.493060123
2	2	0.049629616	0.002054408	0.948315976
2	2	0.013641922	0.002238369	0.984119709
2	2	0.086674661	0.003855735	0.909469605
2	2	0.168523831	0.000519898	0.830956271
2	2	0.057490917	0.002370799	0.940138284
2	2	0.219924475	0.004671519	0.775404006
2	2	0.001663127	0.000689837	0.997647036
2	2	0.003530188	0.000465823	0.996003988
2	2	0.020533442	0.002692997	0.976773561
2	2	0.007608543	0.000541654	0.991849803
2	2	0.038171294	0.001204041	0.960624665
2	2	0.036240866	0.003515168	0.960243966
2	2	0.046299512	0.004204399	0.949496089
2	2	0.398226391	0.008461451	0.593312158
2	0	0.935058328	0.001240121	0.063701551
2	2	0.104204795	0.001927181	0.893868025
2	0	0.846771092	0.001585707	0.151643201
2	0	0.949695994	0.000840164	0.049463841
2	2	0.082964875	0.006877927	0.910157197
2	2	0.013940134	0.03624031	0.949819556
2	2	0.107871758	0.001663865	0.890464377
2	2	0.03133201	0.008373235	0.960294755
2	2	0.375674293	0.003889663	0.620436044
2	2	0.056751162	0.001841308	0.94140753
2	2	0.009485934	0.001795189	0.988718878
2	2	0.127522403	0.004824427	0.867653169
2	0	0.64475584	0.002842465	0.352401695
2	2	0.086027169	0.004410831	0.909562
2	2	0.039546738	0.001460799	0.958992463
2	0	0.962523615	0.000600471	0.036875914
2	2	0.186781293	0.242533144	0.570685562
2	0	0.785971118	0.002085315	0.211943567
2	0	0.844125082	0.002129103	0.153745815
2	2	0.119840564	0.004950865	0.875208571
2	0	0.557832061	0.025054613	0.417113326
2	2	0.287984674	0.002056298	0.709959028
2	2	0.065113603	0.001393381	0.933493016
2	2	0.015641733	0.040814709	0.943543558
2	2	0.018785317	0.00187794	0.979336743
2	2	0.050255797	0.366546692	0.583197511
2	2	0.039757933	0.001703882	0.958538184
2	0	0.829340778	0.00231158	0.168347642
2	2	0.021841886	0.003165875	0.974992239
2	2	0.007142035	0.002072795	0.990785171
2	2	0.178544339	0.005600394	0.815855267
2	2	0.004666081	0.002444204	0.992889714
2	0	0.923553146	0.000856525	0.075590329
2	2	0.001957749	0.001994106	0.996048145
2	0	0.938863427	0.000852374	0.060284199
2	2	0.049958132	0.00494702	0.945094849
2	2	0.009745299	0.001066076	0.989188624
2	2	0.054536676	0.010905567	0.934557757
2	0	0.912831849	0.001012833	0.086155318
2	0	0.964677357	0.000662386	0.034660257
2	0	0.82165116	0.002747567	0.175601272
2	2	0.086030096	0.002100126	0.911869778
2	2	0.006395646	0.000816048	0.992788306
2	2	0.031027074	0.001236099	0.967736827
2	2	0.014557003	0.00208605	0.983356947
2	0	0.979252419	0.000383157	0.020364424
2	2	0.462297811	0.011066354	0.526635836
2	2	0.252047727	0.001957598	0.745994675
2	2	0.110348127	0.018914714	0.870737158
2	2	0.029477114	0.002056107	0.968466779
2	2	0.018498385	0.001079268	0.980422346
2	2	0.00830438	0.001816267	0.989879354
2	2	0.232159858	0.026747103	0.741093039
2	2	0.169718715	0.002753692	0.827527593
2	2	0.019315972	0.114816168	0.86586786
2	2	0.00114152	0.000152477	0.998706003
2	0	0.50410446	0.004139121	0.491756418
2	2	0.029852978	0.000255147	0.969891875
2	2	0.013250172	0.001977455	0.984772373
2	2	0.174467619	0.002875536	0.822656845
2	0	0.717719182	0.003624725	0.278656093
2	2	0.029049281	0.011756352	0.959194367
2	0	0.727034829	0.006571712	0.266393459
2	2	0.219644973	0.003298977	0.77705605
2	2	0.073922378	0.028036735	0.898040887
2	2	0.014657872	0.001684852	0.983657276
2	2	0.086421864	0.003217616	0.91036052
2	2	0.011730236	0.000973916	0.987295849
2	0	0.498286529	0.008138251	0.493575221
2	2	0.009428396	0.000748732	0.989822872
2	0	0.968787154	0.000580854	0.030631991
2	2	0.471491576	0.002561009	0.525947415
2	0	0.789419697	0.002463783	0.20811652
2	2	0.005580667	0.151215853	0.84320348
2	2	0.10961598	0.074409466	0.815974553
2	0	0.928114312	0.001071817	0.070813871
2	2	0.060985522	0.01563851	0.923375968
2	2	0.432349539	0.091737788	0.475912673
2	2	0.150424987	0.002690332	0.846884681
2	2	0.017376624	0.000785862	0.981837514
2	2	0.351054463	0.041877194	0.607068343
2	0	0.577825178	0.005014187	0.417160635
2	2	0.07623793	0.007631307	0.916130763
2	2	0.078159436	0.017549945	0.90429062
2	2	0.163278031	0.002787805	0.833934164
2	2	0.201347072	0.019248442	0.779404485
2	0	0.952231517	0.000737424	0.047031058
2	0	0.972979124	0.000374248	0.026646628
2	2	0.028848634	0.001571708	0.969579659
2	0	0.989113132	0.000677469	0.010209398
2	2	0.085996208	0.010479314	0.903524478
2	2	0.022608811	0.002584003	0.974807186
2	2	0.006603399	0.008551311	0.98484529
2	2	0.019043759	0.001263063	0.979693178
2	2	0.142368201	0.004753669	0.85287813
2	2	0.006102303	0.00116017	0.992737527
2	2	0.037707161	0.003140399	0.95915244
2	0	0.63442354	0.002353531	0.363222929
2	2	0.024139839	0.00122466	0.9746355
2	2	0.025812864	0.0027535	0.971433636
2	2	0.095041979	0.003134654	0.901823367
2	2	0.027638976	0.001457652	0.970903372
2	0	0.799683488	0.000676459	0.199640053
2	1	0.185970252	0.513878434	0.300151314
2	0	0.746706644	0.003065383	0.250227973
2	2	0.010958104	0.000847622	0.988194274
2	2	0.004667905	0.000563386	0.994768709
2	0	0.683912922	0.005727795	0.310359283
2	2	0.020136862	0.000647298	0.979215839
2	2	0.02546765	0.001702689	0.972829661
2	2	0.013822713	0.000712777	0.98546451
2	2	0.373577689	0.002811803	0.623610507
2	2	0.317138047	0.002899787	0.679962166
2	2	0.025527036	0.003461625	0.971011338
2	2	0.037401565	0.002234266	0.960364169
2	2	0.038011538	0.00298975	0.958998713
2	2	0.011473019	0.001894013	0.986632968
2	0	0.95010477	0.000887783	0.049007447
2	2	0.048820854	0.001943047	0.949236099
2	2	0.349271932	0.002170485	0.648557583
2	0	0.923529557	0.001055699	0.075414744
2	0	0.966635551	0.00071521	0.032649239
2	2	0.027614411	0.002345123	0.970040466
2	2	0.085036035	0.108567827	0.806396138
2	2	0.043057185	0.002212292	0.954730523
2	2	0.007707472	0.001217489	0.991075039
2	2	0.050561272	0.001882849	0.947555879
2	2	0.039940206	0.004704331	0.955355463
2	0	0.877015747	0.001264055	0.121720198
2	2	0.010303339	0.001711154	0.987985507
2	2	0.128005795	0.004528884	0.867465321
2	0	0.970302222	0.000400119	0.029297658
2	0	0.731905513	0.002770565	0.265323922
2	0	0.875087777	0.001611756	0.123300467
2	2	0.033752569	0.001220007	0.965027425