0	0	0.990738844	0.004346848	0.004914308
0	0	0.941959645	0.038105645	0.01993471
0	0	0.997128708	0.000647575	0.002223716
0	0	0.999520463	0.000131109	0.000348428
0	0	0.995806507	0.003104501	0.001088993
0	0	0.969453825	0.020467389	0.010078786
0	0	0.99880714	0.00030019	0.00089267
0	0	0.997547469	0.000912196	0.001540335
0	0	0.995377311	0.001629253	0.002993436
0	0	0.989440273	0.001804601	0.008755126
0	0	0.999619681	0.000194675	0.000185644
0	0	0.998214183	0.000929943	0.000855874
0	0	0.917102219	0.0096448	0.073252981
0	0	0.997141695	0.000508593	0.002349712
0	0	0.933300485	0.005775514	0.060924002
0	0	0.7067867	0.267048135	0.026165164
0	0	0.977085303	0.002791486	0.020123212
0	0	0.985543903	0.008706707	0.005749389
0	0	0.609127634	0.037921864	0.352950502
0	0	0.688458145	0.019483238	0.292058617
0	0	0.864352956	0.012635132	0.123011912
0	0	0.977491114	0.002172958	0.020335929
0	0	0.976529957	0.001287504	0.022182539
0	0	0.990391927	0.00136807	0.008240003
0	0	0.99784137	0.000439198	0.001719433
0	0	0.99858244	0.000339744	0.001077816
0	0	0.988270273	0.001466614	0.010263113
0	0	0.982909371	0.002237405	0.014853224
0	0	0.998294318	0.000222561	0.00148312
0	0	0.998600323	0.000754768	0.000644909
0	0	0.983375878	0.001107817	0.015516305
0	0	0.996166802	0.000644175	0.003189023
0	0	0.999468229	5.42161E-05	0.000477555
0	2	0.04416153	0.152437404	0.803401066
0	2	0.075863432	0.004632213	0.919504354
0	0	0.991351789	0.002250313	0.006397898
0	0	0.99526172	0.001060145	0.003678135
0	0	0.987747343	0.003486251	0.008766406
0	0	0.949087452	0.010111779	0.04080077
0	0	0.984145457	0.00364798	0.012206562
0	0	0.981349459	0.003266531	0.015384009
0	0	0.989100787	0.001264272	0.009634942
0	0	0.971259186	0.018598731	0.010142083
0	0	0.972614175	0.004728403	0.022657422
0	0	0.995722858	0.002151723	0.002125419
0	0	0.984582179	0.000765227	0.014652594
0	0	0.993258543	0.001378631	0.005362826
0	0	0.997821847	0.001875124	0.000303029
0	0	0.980776799	0.001741671	0.01748153
0	0	0.977817498	0.007515165	0.014667337
0	0	0.998128152	0.001075818	0.00079603
0	0	0.98220241	0.001526378	0.016271212
0	0	0.996806087	0.000917829	0.002276084
0	0	0.986988783	0.002445033	0.010566184
0	0	0.991958184	0.001392055	0.006649761
0	0	0.865649378	0.005070705	0.129279917
0	0	0.980174536	0.017604079	0.002221385
0	0	0.986504788	0.003122607	0.010372605
0	0	0.955535411	0.007566055	0.036898534
0	0	0.994795928	0.002466592	0.00273748
0	0	0.982647011	0.001372797	0.015980192
0	0	0.996629318	0.00079818	0.002572502
0	0	0.999405979	0.000275618	0.000318403
0	0	0.999277339	0.00031047	0.000412191
0	0	0.947266339	0.016803384	0.035930277
0	0	0.989729759	0.003215979	0.007054262
0	0	0.967696925	0.024866436	0.007436639
0	0	0.996470296	0.001185328	0.002344376
0	0	0.998117842	0.000355821	0.001526338
0	2	0.490356321	0.002784957	0.506858723
0	0	0.991959738	0.001806484	0.006233778
0	0	0.997293992	0.001026593	0.001679415
0	0	0.979435523	0.00101641	0.019548067
0	0	0.986984442	0.001886559	0.011129
0	0	0.982952864	0.010006763	0.007040373
0	0	0.998935103	0.000802109	0.000262787
0	0	0.95894123	0.002969608	0.038089162
0	0	0.808444231	0.181219988	0.01033578
0	0	0.993894548	0.001094975	0.005010477
0	0	0.931560579	0.02843615	0.040003271
0	0	0.758945339	0.017952507	0.223102154
0	0	0.996132107	0.00060446	0.003263434
0	0	0.997190819	0.000643484	0.002165697
0	0	0.996221299	0.001234875	0.002543826
0	0	0.757666672	0.023229977	0.219103351
0	0	0.993460169	0.000705883	0.005833948
0	0	0.990309462	0.007360424	0.002330115
0	0	0.997213068	0.000731956	0.002054977
0	0	0.994626522	0.000604331	0.004769146
0	0	0.999268747	0.000601351	0.000129902
0	0	0.995357603	0.001030251	0.003612146
0	0	0.893430614	0.002758725	0.103810661
0	0	0.978032129	0.003107885	0.018859986
0	0	0.999725838	0.000180393	9.37692E-05
0	0	0.939800707	0.056966754	0.003232539
0	0	0.997821527	0.000210362	0.001968111
0	0	0.993629671	0.002659836	0.003710492
0	0	0.991879176	0.001126484	0.00699434
0	0	0.996589779	0.000856021	0.0025542
0	0	0.991897475	0.001560677	0.006541848
0	0	0.998217703	0.000431396	0.0013509
0	0	0.975071423	0.001482323	0.023446254
0	0	0.987203125	0.003019453	0.009777422
0	0	0.991694587	0.002719683	0.00558573
0	0	0.990477847	0.00243072	0.007091433
0	0	0.985815822	0.002555555	0.011628623
0	0	0.968833524	0.006866076	0.0243004
0	0	0.988503464	0.007585148	0.003911387
0	0	0.731623362	0.01424158	0.254135058
0	1	0.199402443	0.567320902	0.233276655
0	0	0.967639536	0.004962748	0.027397716
0	0	0.728629545	0.019663526	0.25170693
0	0	0.997029526	0.000489427	0.002481046
0	0	0.74187545	0.005632094	0.252492456
0	0	0.995023505	0.000792919	0.004183576
0	0	0.996327315	0.001155665	0.00251702
0	0	0.991043864	0.002517229	0.006438907
0	0	0.974599599	0.018008191	0.00739221
0	0	0.994541066	0.000329059	0.005129876
0	0	0.834241782	0.130467384	0.035290834
0	0	0.998543578	0.000343935	0.001112487
0	0	0.985313225	0.001394812	0.013291963
0	0	0.717142986	0.016889215	0.265967799
0	0	0.994173967	0.001280195	0.004545839
0	0	0.989276326	0.00096288	0.009760793
0	0	0.974258766	0.006022346	0.019718888
0	0	0.974875353	0.006248301	0.018876346
0	0	0.987066541	0.00212599	0.010807469
0	0	0.995796613	0.000757632	0.003445755
0	0	0.992063694	0.001980971	0.005955334
0	0	0.991668831	0.002773442	0.005557727
0	0	0.987870844	0.002478248	0.009650908
0	0	0.997308645	0.000599272	0.002092083
0	0	0.989002319	0.004828311	0.00616937
0	0	0.996239816	0.001864864	0.001895321
0	0	0.992691093	0.001538056	0.005770851
0	0	0.616905175	0.005691167	0.377403658
0	0	0.97502563	0.00572913	0.01924524
0	0	0.99486228	0.001218846	0.003918874
0	0	0.985294423	0.008610139	0.006095437
0	0	0.840508683	0.034629547	0.12486177
0	0	0.999568476	0.000114626	0.000316898
0	0	0.526648388	0.469436543	0.00391507
0	0	0.991774266	0.003287067	0.004938667
0	0	0.977663266	0.003693835	0.018642899
0	0	0.891088724	0.006372195	0.102539081
0	0	0.99892882	0.00063374	0.00043744
0	0	0.983166405	0.004812316	0.01202128
0	0	0.998995131	0.000274021	0.000730848
0	0	0.99426537	0.002500034	0.003234596
0	0	0.990409681	0.002560797	0.007029522
0	0	0.981916289	0.001025937	0.017057774
0	0	0.854059549	0.003218132	0.14272232
0	0	0.991015603	0.007671639	0.001312758
0	0	0.996806024	0.000867496	0.00232648
0	0	0.673764916	0.008130165	0.318104919
0	0	0.961973545	0.002747488	0.035278967
0	0	0.990507551	0.002258989	0.00723346
0	0	0.999091126	0.000316936	0.000591938
0	0	0.995944043	0.000527393	0.003528564
0	0	0.998241789	0.001266422	0.00049179
0	0	0.996753737	0.001217749	0.002028514
0	0	0.982250743	0.001166779	0.016582478
0	0	0.981587041	0.009724716	0.008688243
0	0	0.992197634	0.004927453	0.002874913
0	0	0.99196452	0.002863336	0.005172144
0	0	0.992805117	0.005741006	0.001453878
0	0	0.975759665	0.011513455	0.01272688
0	0	0.994734301	0.000697241	0.004568458
0	0	0.998562939	0.000281117	0.001155944
0	0	0.99406746	0.001100324	0.004832216
0	2	0.404640246	0.007200125	0.588159629
0	0	0.99311209	0.002900095	0.003987815
0	0	0.994953638	0.000964733	0.004081629
0	0	0.995418932	0.003406426	0.001174642
0	0	0.993327644	0.003982304	0.002690052
0	0	0.9978492	0.000387826	0.001762974
0	0	0.991943029	0.002330693	0.005726278
0	2	0.149504328	0.012657189	0.837838483
0	0	0.995772842	0.000587029	0.003640129
0	0	0.973350413	0.005514297	0.02113529
0	1	0.005626798	0.991918168	0.002455034
0	0	0.983721515	0.010717124	0.005561361
0	0	0.797770624	0.016698537	0.185530839
0	0	0.998419883	0.000784173	0.000795944
0	0	0.914888721	0.007679101	0.077432179
0	0	0.980863935	0.013669044	0.00546702
0	0	0.988101496	0.006318523	0.005579981
0	0	0.692947283	0.039597022	0.267455695
0	0	0.940653348	0.007126175	0.052220476
0	0	0.997498538	0.000546539	0.001954923
0	0	0.993169499	0.002415971	0.00441453
0	0	0.991853385	0.002847312	0.005299303
0	0	0.996322616	0.000525593	0.003151792
0	0	0.989033966	0.001969596	0.008996438
0	0	0.979243547	0.009076425	0.011680028
0	0	0.988876825	0.001547081	0.009576094
0	0	0.993769952	0.00131891	0.004911138
0	1	0.201025003	0.739910543	0.059064454
0	0	0.996067832	0.001159763	0.002772406
0	1	0.039916521	0.711795247	0.248288232
0	0	0.968836354	0.027450811	0.003712835
0	0	0.98293945	0.001829326	0.015231224
0	0	0.998726861	0.000599404	0.000673735
0	0	0.996635931	0.001290056	0.002074013
0	0	0.979533299	0.002047821	0.01841888
0	0	0.992781101	0.001328579	0.005890319
0	1	0.004230849	0.992972276	0.002796875
0	0	0.989218082	0.005013402	0.005768516
0	0	0.96480117	0.003205673	0.031993157
0	0	0.998967605	0.000390402	0.000641993
0	0	0.956962546	0.006396585	0.036640869
0	0	0.970352329	0.017590504	0.012057167
0	0	0.768452399	0.021994196	0.209553405
0	0	0.996547081	0.000718562	0.002734357
0	0	0.999572424	0.00030036	0.000127216
0	0	0.99663853	0.001073676	0.002287794
0	0	0.842991547	0.004738198	0.152270254
0	0	0.997716125	0.001447545	0.000836331
0	0	0.861434538	0.009205481	0.129359981
0	0	0.725302905	0.105444987	0.169252108
0	0	0.9880113	0.010492851	0.001495849
0	0	0.968613321	0.001846082	0.029540597
0	0	0.984759419	0.000710844	0.014529737
0	0	0.734249582	0.009450324	0.256300094
0	0	0.97617652	0.001606798	0.022216682
0	0	0.999678579	4.43179E-05	0.000277103
0	0	0.996399309	0.000782351	0.00281834
0	0	0.996666216	0.000539947	0.002793837
0	0	0.995956155	0.000693366	0.003350479
0	0	0.999923141	2.31254E-05	5.37333E-05
0	0	0.992837604	0.001215514	0.005946882
0	0	0.942221603	0.008225512	0.049552886
0	0	0.963634195	0.004446475	0.031919329
0	0	0.996395118	0.003276723	0.000328159
0	0	0.992562923	0.003129867	0.00430721
0	0	0.994009714	0.00117427	0.004816016
0	0	0.995039196	0.002069862	0.002890941
0	0	0.779822585	0.013705078	0.206472336
0	0	0.980165306	0.003186175	0.016648519
0	0	0.999137879	0.000431319	0.000430802
0	0	0.954829464	0.01062312	0.034547416
0	0	0.989798628	0.007124229	0.003077143
0	0	0.940328262	0.003064943	0.056606795
0	0	0.965513469	0.003322641	0.03116389
0	0	0.993710228	0.002655003	0.003634769
0	0	0.835228249	0.052310915	0.112460836
0	0	0.998565727	0.000522788	0.000911485
0	0	0.993861081	0.00113462	0.005004299
0	0	0.962125336	0.013341036	0.024533628
0	0	0.982743541	0.00189828	0.015358179
0	0	0.876044676	0.0143137	0.109641625
0	0	0.954973999	0.013174513	0.031851488
0	0	0.996319653	0.00050166	0.003178687
0	0	0.998936724	0.000496283	0.000566993
0	0	0.978164735	0.000890723	0.020944542
0	0	0.994621579	0.001293255	0.004085166
0	0	0.951032465	0.019329805	0.02963773
0	0	0.837900534	0.010854713	0.151244752
0	0	0.992411553	0.005301225	0.002287222
0	2	0.123687053	0.005824392	0.870488555
0	0	0.997460885	0.000239336	0.002299779
0	0	0.998783415	0.00072003	0.000496554
0	0	0.996881551	0.000665399	0.00245305
0	0	0.993392008	0.005547933	0.00106006
0	0	0.991766877	0.003606681	0.004626442
0	0	0.957246326	0.004959281	0.037794393
0	0	0.995645194	0.001443241	0.002911566
0	0	0.906370186	0.058912177	0.034717637
0	0	0.976109184	0.004722198	0.019168618
0	0	0.916232262	0.013650415	0.070117324
0	0	0.999470236	0.00027481	0.000254953
0	0	0.999599972	0.000191638	0.00020839
0	0	0.99935116	0.000152897	0.000495943
0	0	0.994824274	0.000396082	0.004779644
0	0	0.997764754	0.000387406	0.00184784
0	0	0.983086381	0.001485419	0.0154282
0	0	0.997892949	0.000574788	0.001532263
0	0	0.903469987	0.003404993	0.09312502
0	0	0.988581974	0.000966254	0.010451772
0	0	0.979685195	0.001872794	0.018442011
0	0	0.814831339	0.132433568	0.052735094
0	0	0.994480439	0.001482486	0.004037075
0	0	0.981941804	0.000986326	0.017071869
0	0	0.983465236	0.002012509	0.014522255
0	0	0.996172385	0.000866338	0.002961276
0	0	0.941992281	0.00992143	0.048086289
0	0	0.962456489	0.010853514	0.026689997
0	0	0.929369386	0.005655374	0.06497524
0	2	0.032990999	0.123277113	0.843731887
0	0	0.901668068	0.002648376	0.095683556
0	0	0.997062729	0.000546027	0.002391244
0	0	0.990220039	0.00152902	0.00825094
0	0	0.999692235	0.000119057	0.000188708
0	0	0.994618874	0.001729547	0.003651579
0	0	0.990873767	0.006453271	0.002672962
0	0	0.992033168	0.000757643	0.00720919
0	0	0.998579943	0.000347404	0.001072652
0	0	0.996507024	0.000479916	0.00301306
0	0	0.975105879	0.016632291	0.00826183
0	0	0.958170564	0.032898459	0.008930977
0	0	0.697853863	0.069339152	0.232806984
0	0	0.975275423	0.003218836	0.021505741
0	0	0.990539504	0.001357371	0.008103125
0	0	0.966979083	0.006578303	0.026442614
0	0	0.995953765	0.001251322	0.002794913
0	0	0.9857643	0.000988089	0.013247612
0	0	0.663969289	0.005554097	0.330476614
0	0	0.929381968	0.014051369	0.056566663
0	0	0.952466014	0.002290693	0.045243292
0	0	0.999825167	9.64318E-05	7.84009E-05
0	0	0.999518133	0.000219583	0.000262284
0	0	0.967722559	0.001922921	0.03035452
0	0	0.996645159	0.001614128	0.001740713
0	0	0.903460968	0.081453549	0.015085483
0	0	0.996304366	0.000652302	0.003043331
0	0	0.995338842	0.002467692	0.002193467
0	0	0.99951715	0.000185495	0.000297355
0	0	0.993099204	0.004512858	0.002387939
0	0	0.854866003	0.007135232	0.137998765
0	0	0.996602105	0.000575596	0.002822298
0	0	0.986664923	0.001647453	0.011687624
0	0	0.972368925	0.003217599	0.024413476
0	0	0.98437154	0.003172448	0.012456012
0	0	0.987052963	0.001693037	0.011254001
0	0	0.750802134	0.026449629	0.222748236
0	0	0.984713348	0.012169716	0.003116936
0	0	0.981719549	0.000978735	0.017301716
0	1	0.189597142	0.576688071	0.233714787
0	0	0.996773294	0.000255336	0.002971371
0	0	0.996484157	0.000786575	0.002729267
0	0	0.982371313	0.003113879	0.014514808
0	0	0.99829218	0.000400936	0.001306884
0	0	0.987150223	0.001767776	0.011082001
0	0	0.996780498	0.001564288	0.001655214
0	0	0.969409116	0.001724241	0.028866644
0	0	0.996688225	0.000887486	0.002424288
0	0	0.99545327	0.001160903	0.003385827
0	0	0.999056864	0.000189155	0.000753981
0	0	0.550828682	0.008092388	0.44107893
0	0	0.779517896	0.003877054	0.21660505
0	0	0.843444018	0.00798044	0.148575542
0	0	0.997602742	0.000928444	0.001468814
0	0	0.990023469	0.007156554	0.002819977
0	0	0.998300633	0.00092557	0.000773797
0	0	0.995887637	0.000957849	0.003154514
0	0	0.986854037	0.001739021	0.011406942
0	0	0.998292393	0.000242767	0.00146484
0	0	0.92940531	0.032045121	0.038549569
0	0	0.96550125	0.028228932	0.006269818
0	0	0.990570224	0.004521215	0.004908561
0	0	0.996176	0.000619603	0.003204397
0	0	0.960400389	0.010577724	0.029021887
0	0	0.968360162	0.001428899	0.030210939
0	0	0.931458202	0.006323364	0.062218434
0	1	0.143811853	0.852186901	0.004001246
0	0	0.979751126	0.00234175	0.017907123
0	0	0.988827997	0.003149742	0.008022262
0	0	0.990246078	0.002015069	0.007738853
0	0	0.974231251	0.004772397	0.020996352
0	0	0.985465605	0.002004539	0.012529855
0	0	0.97838614	0.002092594	0.019521266
0	0	0.996185344	0.00050305	0.003311606
0	0	0.9756789	0.002692132	0.021628968
0	0	0.997844798	0.000570181	0.001585021
0	0	0.978063447	0.000464021	0.021472532
0	2	0.481432254	0.004186083	0.514381662
0	0	0.976586624	0.000864991	0.022548385
0	0	0.995970342	0.000727034	0.003302625
0	0	0.980314493	0.002838493	0.016847014
0	0	0.872465544	0.058781264	0.068753192
0	0	0.955090148	0.002260771	0.042649081
0	0	0.997329627	0.000449321	0.002221053
0	0	0.993556103	0.002507009	0.003936888
0	0	0.991634701	0.002932499	0.005432801
0	0	0.993568408	0.002382863	0.004048729
0	0	0.964582176	0.005958954	0.029458869
0	1	0.031320233	0.957632707	0.01104706
0	2	0.034785612	0.002839715	0.962374673
0	0	0.985549823	0.000354056	0.014096121
0	0	0.977918033	0.00110708	0.020974887
0	0	0.998430186	0.000230866	0.001338948
0	0	0.973450376	0.000961027	0.025588598
0	0	0.985961638	0.004588336	0.009450026
0	0	0.960067835	0.002702572	0.037229593
0	0	0.984580513	0.002204974	0.013214513
0	0	0.993801	0.001534703	0.004664296
0	0	0.919297018	0.00559632	0.075106662
0	0	0.581688145	0.006965953	0.411345902
0	0	0.967719471	0.012336252	0.019944277
0	0	0.979214802	0.001630442	0.019154756
0	0	0.998610323	0.000309457	0.00108022
0	0	0.998838756	0.000418279	0.000742965
0	0	0.994155789	0.00190731	0.003936901
0	2	0.456881148	0.004222483	0.538896369
0	0	0.945056001	0.011843085	0.043100913
0	0	0.969824943	0.004895006	0.025280051
0	2	0.421684645	0.104006953	0.474308402
0	0	0.757501646	0.037331061	0.205167293
0	0	0.998305827	0.000795774	0.0008984
0	0	0.997140211	0.000930616	0.001929173
0	1	0.233147131	0.722032186	0.044820683
0	0	0.996377843	0.002113038	0.00150912
0	0	0.997447259	0.000597919	0.001954822
0	0	0.995102655	0.002879872	0.002017473
0	0	0.968736503	0.014503538	0.016759959
0	0	0.998990745	0.000355456	0.0006538
0	0	0.995434119	0.001128263	0.003437619
0	0	0.993604462	0.000805203	0.005590335
0	0	0.993755717	0.002018978	0.004225305
0	0	0.973804111	0.001790348	0.02440554
0	0	0.993848084	7.87233E-05	0.006073192
0	0	0.960731409	0.013372427	0.025896165
0	0	0.927706361	0.019814525	0.052479114
0	0	0.85618004	0.013070799	0.13074916
0	0	0.981746852	0.011152163	0.007100985
0	0	0.969679425	0.002124987	0.028195588
0	0	0.997189173	0.000432636	0.002378192
0	0	0.990066869	0.000995483	0.008937648
0	0	0.989420002	0.000975621	0.009604377
0	0	0.989233869	0.000906677	0.009859454
0	0	0.983454199	0.005851927	0.010693874
0	0	0.880835942	0.023650196	0.095513862
0	0	0.992675909	0.001302785	0.006021306
0	0	0.996513834	0.000487514	0.002998653
0	0	0.996110944	0.000877796	0.00301126
0	0	0.991821843	0.000971945	0.007206212
0	0	0.984279072	0.001535582	0.014185346
0	0	0.996660989	0.000702093	0.002636918
0	0	0.987390785	0.005105743	0.007503472
0	0	0.999692191	5.40713E-05	0.000253738
0	0	0.994435315	0.001044852	0.004519833
0	0	0.987427347	0.002374538	0.010198115
0	0	0.995707145	0.000505177	0.003787678
0	0	0.983340346	0.001339713	0.015319941
0	0	0.996174895	0.000865302	0.002959803
0	0	0.70603604	0.004721215	0.289242745
0	0	0.758615626	0.005086018	0.236298356
0	1	0.386678215	0.600818482	0.012503303
0	0	0.893645875	0.003982499	0.102371626
0	0	0.99730706	0.000556248	0.002136692
0	0	0.989530153	0.001332864	0.009136983
0	0	0.867116347	0.017256229	0.115627424
0	0	0.985369784	0.002029962	0.012600254
0	0	0.995943449	0.001235271	0.002821279
0	0	0.984259391	0.005769523	0.009971086
0	0	0.998793667	0.000676954	0.000529378
0	0	0.955644149	0.021284638	0.023071212
0	0	0.873885664	0.004135257	0.121979079
0	0	0.998961229	0.000676797	0.000361974
0	0	0.972857761	0.005254253	0.021887986
0	0	0.998676043	0.000240203	0.001083753
0	0	0.99812322	0.000290683	0.001586098
0	0	0.99626218	0.001972714	0.001765105
0	0	0.993915814	0.001081612	0.005002574
0	0	0.997988209	0.000881651	0.00113014
0	0	0.997005766	0.000730633	0.0022636
0	0	0.970326708	0.016678706	0.012994586
0	0	0.980446905	0.002315229	0.017237866
0	0	0.993203322	0.001008975	0.005787702
0	0	0.991799049	0.001220451	0.0069805
0	2	0.294191924	0.006541277	0.699266799
0	0	0.993652908	0.000755926	0.005591167
0	0	0.969751444	0.004716372	0.025532185
0	0	0.616532644	0.005838718	0.377628638
0	0	0.853036083	0.094443507	0.05252041
0	0	0.971275745	0.010569901	0.018154354
0	0	0.857935838	0.005126019	0.136938143
0	0	0.973765076	0.013521352	0.012713572
0	0	0.958403678	0.027130785	0.014465537
0	0	0.984404831	0.001720882	0.013874286
0	0	0.989434798	0.001575912	0.00898929
0	0	0.998750827	0.000256739	0.000992434
0	0	0.921894131	0.025325971	0.052779898
0	0	0.906845533	0.019353478	0.073800989
0	0	0.994459846	0.001996708	0.003543446
0	0	0.97641979	0.004102074	0.019478136
0	0	0.997253152	0.000833022	0.001913827
0	0	0.852454298	0.003832509	0.143713193
0	0	0.99757357	0.000539737	0.001886694
0	0	0.989924143	0.001531011	0.008544846
0	0	0.995319422	0.00055971	0.004120868
0	0	0.633361314	0.007272798	0.359365888
0	0	0.985973485	0.005720919	0.008305596
0	0	0.989982287	0.003128292	0.006889421
0	0	0.997863988	0.000497289	0.001638723
0	0	0.732385397	0.032092003	0.2355226
0	0	0.984892904	0.006041987	0.009065109
0	0	0.981275245	0.001957079	0.016767676
0	0	0.991445082	0.002231477	0.006323441
0	0	0.803184528	0.005201175	0.191614298
0	0	0.84892487	0.030041228	0.121033902
0	0	0.979388139	0.002040364	0.018571498
0	2	0.383453988	0.014147241	0.60239877
0	0	0.992489216	0.006126454	0.00138433
0	0	0.902750117	0.005886407	0.091363476
0	0	0.547763425	0.240457531	0.211779044
0	0	0.985329775	0.00105789	0.013612335
0	0	0.991397437	0.00143536	0.007167203
0	0	0.992535087	0.000129143	0.00733577
0	0	0.969655725	0.001130479	0.029213797
0	0	0.956998019	0.038598033	0.004403948
0	0	0.979549128	0.015686373	0.004764499
0	0	0.973862885	0.001756934	0.02438018
0	0	0.986263063	0.001651234	0.012085702
0	0	0.996017416	0.000834907	0.003147677
0	0	0.956262831	0.005234298	0.038502871
0	0	0.995851714	0.000609448	0.003538838
0	0	0.996570012	0.00118877	0.002241218
0	0	0.96336263	0.000683745	0.035953625
0	0	0.936954379	0.003963132	0.059082489
0	0	0.997542231	0.000555601	0.001902168
0	0	0.994946423	0.002481564	0.002572013
0	0	0.909166597	0.017109406	0.073723997
0	0	0.812682176	0.011712306	0.175605518
0	0	0.969948573	0.01273868	0.017312747
0	0	0.995902293	0.000391351	0.003706356
0	0	0.977812948	0.018801157	0.003385895
0	0	0.997814253	0.000500407	0.00168534
0	0	0.998105398	0.000884493	0.00101011
0	0	0.990525504	0.001845658	0.007628839
0	0	0.995102722	0.002145228	0.00275205
0	0	0.946983494	0.008338486	0.04467802
0	0	0.98001715	0.00147546	0.018507389
0	0	0.570649233	0.004696768	0.424653999
0	0	0.98369478	0.001545296	0.014759924
0	0	0.952408006	0.002797129	0.044794865
0	0	0.890007912	0.003663908	0.10632818
0	0	0.702879579	0.007408927	0.289711494
0	0	0.951772083	0.005231121	0.042996796
0	0	0.996614093	0.000684795	0.002701112
0	0	0.959983737	0.003574468	0.036441795
0	0	0.702583519	0.005296596	0.292119885
0	0	0.998368117	0.000386402	0.001245481
0	0	0.957111583	0.002794687	0.040093731
0	0	0.984944903	0.001461679	0.013593418
0	0	0.987076512	0.001433828	0.011489661
0	0	0.541937209	0.013473842	0.444588949
0	0	0.580863575	0.118074516	0.301061908
0	0	0.987992199	0.000484458	0.011523343
0	0	0.991217016	0.001099036	0.007683948
0	0	0.971154965	0.004966354	0.023878681
0	0	0.940514306	0.011296883	0.048188811
0	0	0.996641447	0.001280168	0.002078385
0	2	0.058965032	0.003133795	0.937901174
0	0	0.993878613	0.001390016	0.004731371
0	0	0.974997857	0.003013298	0.021988845
0	0	0.988618606	0.00122901	0.010152385
0	0	0.992049515	0.001698037	0.006252448
0	0	0.789767397	0.001252621	0.208979982
0	0	0.979258619	0.008600289	0.012141093
0	0	0.994862667	0.000577414	0.004559918
0	0	0.88360938	0.00345532	0.1129353
0	0	0.986098109	0.001086385	0.012815506
0	0	0.996815583	0.000898046	0.002286371
0	0	0.994797907	0.001763922	0.003438171
0	0	0.991296882	0.00452227	0.004180848
0	0	0.995312752	0.000739454	0.003947794
0	0	0.943259663	0.004469344	0.052270994
0	2	0.21820505	0.003710383	0.778084567
0	0	0.990722135	0.00222006	0.007057805
0	0	0.987151945	0.00076355	0.012084504
0	0	0.957642599	0.003325682	0.03903172
0	0	0.854789167	0.005502788	0.139708045
0	0	0.991921569	0.001531188	0.006547243
0	0	0.983467342	0.001630822	0.014901836
0	0	0.972626984	0.001818843	0.025554173
0	0	0.883524599	0.003313547	0.113161854
0	0	0.979252185	0.003345744	0.017402071
0	0	0.997934971	0.000522092	0.001542938
0	0	0.653497723	0.009247369	0.337254908
0	0	0.984738388	0.004145718	0.011115894
0	0	0.995685291	0.001231005	0.003083703
0	0	0.995658211	0.000867798	0.003473991
0	0	0.975643199	0.002581052	0.02177575
0	0	0.991323838	0.000276082	0.00840008
0	0	0.982171469	0.002169216	0.015659314
0	0	0.985782189	0.001546564	0.012671247
0	0	0.987605498	0.000491587	0.011902915
0	0	0.982227186	0.008881075	0.008891739
0	0	0.995935717	0.001362039	0.002702244
0	0	0.530155762	0.15377198	0.316072259
0	0	0.994794975	0.00110687	0.004098154
0	2	0.058282978	0.02306255	0.918654473
0	0	0.978916067	0.004237383	0.01684655
0	0	0.957113357	0.00544731	0.037439333
0	2	0.010121067	0.001052238	0.988826695
0	0	0.98906734	0.004712707	0.006219953
0	0	0.657000395	0.015828065	0.32717154
0	0	0.951323695	0.000370373	0.048305932
0	0	0.980883905	0.0021239	0.016992195
0	0	0.964214742	0.013675611	0.022109647
0	0	0.884235419	0.025547088	0.090217493
0	0	0.992607305	0.002827619	0.004565076
0	0	0.997059789	0.000385317	0.002554894
0	2	0.057314519	0.000827997	0.941857484
0	0	0.982554118	0.002213014	0.015232867
0	0	0.958886561	0.000933301	0.040180137
0	0	0.995788965	0.000780778	0.003430258
0	0	0.988602257	0.000793098	0.010604645
0	0	0.982871539	0.003627263	0.013501198
0	0	0.995738749	0.002935227	0.001326024
0	0	0.957429996	0.000742563	0.041827441
0	2	0.457147887	0.00740242	0.535449693
0	0	0.994212082	0.000247054	0.005540865
0	0	0.988928172	0.002497079	0.008574749
0	0	0.971694939	0.00427653	0.024028531
0	0	0.997164568	0.000723262	0.00211217
0	0	0.991493696	0.002556177	0.005950127
0	0	0.799579905	0.012355317	0.188064779
0	0	0.930518296	5.01289E-05	0.069431575
0	0	0.997342724	0.001179269	0.001478007
0	0	0.711519675	0.01514398	0.273336345
0	0	0.980314976	0.001762219	0.017922805
0	0	0.988471285	0.001958462	0.009570253
0	0	0.992312322	0.001087888	0.00659979
0	0	0.970509256	0.002719698	0.026771046
0	0	0.996862372	0.000417953	0.002719676
0	0	0.998005697	0.0005967	0.001397604
0	0	0.904796044	0.048323093	0.046880863
0	0	0.999919451	1.58256E-05	6.47239E-05
0	0	0.995292901	0.001380212	0.003326887
0	0	0.99483756	0.000856569	0.004305871
0	0	0.984818468	0.003393824	0.011787708
0	0	0.878240793	0.001419239	0.120339968
0	0	0.751590687	0.00552339	0.242885922
0	0	0.934736941	0.004804078	0.060458981
0	0	0.982434604	0.003746544	0.013818852
0	0	0.993957743	0.000532642	0.005509615
0	0	0.984398984	0.001200972	0.014400044
0	0	0.976357735	0.001397003	0.022245262
0	0	0.994528125	0.000695564	0.00477631
0	0	0.992586619	0.000809786	0.006603596
0	0	0.99697301	0.000417581	0.002609409
0	0	0.996189331	0.000300243	0.003510426
0	0	0.5046383	0.00754392	0.48781778
0	0	0.996073867	0.001791443	0.00213469
0	0	0.983209615	0.003618003	0.013172382
0	0	0.979422874	0.005302951	0.015274175
0	0	0.906571332	0.00379153	0.089637138
0	0	0.95633541	0.003691411	0.039973179
0	0	0.996520171	0.000991605	0.002488224
0	0	0.97939871	0.001893522	0.018707768
0	0	0.974724391	0.006816559	0.01845905
0	0	0.994589749	0.001666341	0.003743909
0	0	0.864265957	0.016774847	0.118959196
0	0	0.971736545	0.00365021	0.024613245
0	0	0.997853708	0.000593574	0.001552718
0	0	0.995911866	0.002190782	0.001897351
0	0	0.995296521	0.000701693	0.004001786
0	0	0.987632364	0.000976784	0.011390851
0	0	0.968535573	0.007098512	0.024365915
0	0	0.992002644	0.005997398	0.001999957
0	0	0.775176816	0.045068842	0.179754342
0	0	0.996417716	0.000949962	0.002632323
0	0	0.995875996	0.000454991	0.003669013
0	0	0.987390445	0.002503189	0.010106366
0	0	0.859455367	0.02212922	0.118415413
0	0	0.943082804	0.005613947	0.051303249
0	0	0.994704192	0.000999546	0.004296262
0	0	0.99371816	0.002465645	0.003816194
0	0	0.950116713	0.015230269	0.034653018
0	0	0.995762936	0.001198426	0.003038637
0	0	0.968010124	0.003622421	0.028367455
0	0	0.993979333	0.001557242	0.004463425
0	0	0.821525458	0.017867134	0.160607408
0	0	0.993038299	0.000699891	0.00626181
0	0	0.966189961	0.00178044	0.0320296
0	0	0.753668193	0.004231482	0.242100326
0	0	0.998557553	0.000212081	0.001230366
0	0	0.998509576	0.000249615	0.001240809
0	0	0.975152897	0.002817343	0.02202976
0	2	0.026441444	0.001969801	0.971588755
0	0	0.999019067	0.000220088	0.000760845
0	0	0.985451664	0.001014403	0.013533933
0	0	0.972879346	0.010228317	0.016892337
0	0	0.721576405	0.010784806	0.267638789
0	0	0.910645716	0.005552531	0.083801753
0	0	0.652147647	0.000489129	0.347363224
0	0	0.992637889	0.000903812	0.006458299
0	0	0.992039233	0.001100388	0.006860379
0	0	0.816445033	0.114475358	0.069079609
0	0	0.997559834	0.001150978	0.001289187
0	0	0.986539923	0.001566437	0.01189364
0	0	0.99833675	0.000405794	0.001257456
0	0	0.989991255	0.00145819	0.008550554
0	0	0.99800622	0.00048883	0.00150495
0	0	0.980321428	0.001771773	0.0179068
0	0	0.920493712	0.012364261	0.067142026
0	0	0.995884517	0.000668734	0.003446748
0	0	0.991901662	0.000956116	0.007142222
0	0	0.980890128	0.004087201	0.015022671
0	0	0.914462682	0.00728514	0.078252178
0	0	0.495061964	0.117799371	0.387138664
0	0	0.998950124	0.000515254	0.000534622
0	0	0.99172981	0.001205206	0.007064984
0	0	0.986785228	0.001654754	0.011560018
0	0	0.987237917	0.001409889	0.011352194
0	0	0.981923071	0.013968614	0.004108315
0	0	0.996201518	0.000296428	0.003502054
0	0	0.987803151	0.001332535	0.010864314
0	0	0.995721085	0.000869069	0.003409846
0	0	0.996752992	0.000734697	0.002512311
0	0	0.939405845	0.04015101	0.020443145
0	0	0.998078019	0.000227577	0.001694405
0	0	0.929578645	0.003116565	0.06730479
0	0	0.996693084	0.000905057	0.002401859
0	0	0.997192041	0.000628791	0.002179168
0	0	0.99694667	0.000598157	0.002455173
0	0	0.617079314	0.00548599	0.377434696
0	0	0.583755163	0.0084021	0.407842738
0	0	0.994180509	0.001110287	0.004709204
0	0	0.997231148	0.00099619	0.001772662
0	0	0.996095839	0.001011307	0.002892854
0	0	0.993390631	0.000936903	0.005672466
0	0	0.831548077	0.05291512	0.115536803
0	0	0.973022328	0.006904042	0.02007363
0	0	0.982339854	0.003959578	0.013700569
0	0	0.990731902	0.001207852	0.008060245
0	0	0.997557296	0.000657185	0.00178552
0	0	0.97421042	0.005639116	0.020150464
0	0	0.538318264	0.004651315	0.457030421
0	0	0.998144813	0.000299063	0.001556124
0	2	0.088245558	0.004408892	0.90734555
0	0	0.818188469	0.004679975	0.177131556
0	0	0.989381888	0.001260591	0.009357521
0	0	0.992656614	0.000648226	0.006695159
0	0	0.880466296	0.005150798	0.114382906
0	0	0.998128636	0.000643124	0.00122824
0	0	0.968574309	0.0018449	0.029580791
0	0	0.768785182	0.016048439	0.215166379
0	0	0.994785089	0.003990541	0.00122437
0	0	0.986850001	0.00112223	0.012027769
0	0	0.991872136	0.002485551	0.005642314
0	0	0.79526734	0.014836322	0.189896338
0	0	0.996941028	0.000355081	0.00270389
0	0	0.983463735	0.002198732	0.014337533
0	0	0.993487169	0.001441409	0.005071421
0	0	0.942652097	0.00281538	0.054532523
0	0	0.981667373	0.002251401	0.016081226
0	0	0.95987633	0.026272019	0.013851651
0	0	0.663535939	0.005243992	0.33122007
0	0	0.997573505	0.000705976	0.001720519
0	0	0.936212366	0.004958198	0.058829436
0	0	0.99533289	0.000934987	0.003732123
0	0	0.998233735	0.000305315	0.001460951
0	0	0.985810814	0.001114677	0.013074509
0	0	0.970142656	0.004566482	0.025290862
0	0	0.856646325	0.008198286	0.135155389
0	0	0.996679961	0.001054461	0.002265578
0	0	0.850884071	0.000854683	0.148261246
0	0	0.96448466	0.015601919	0.019913421
0	0	0.999176823	0.000123382	0.000699795
0	0	0.997690847	0.000575132	0.001734022
0	0	0.990686201	0.001010957	0.008302842
0	0	0.996225809	0.000766496	0.003007695
0	0	0.996500333	0.001717465	0.001782202
0	0	0.763413856	0.000451943	0.236134201
0	0	0.98255144	0.001546436	0.015902124
0	0	0.82782519	0.015448347	0.156726463
0	2	0.007630974	0.017488009	0.974881018
1	1	0.001110799	0.99742724	0.001461962
1	1	0.000493203	0.999310521	0.000196276
1	1	0.001228705	0.995714824	0.003056471
1	1	0.000602867	0.997687908	0.001709226
1	1	0.003714264	0.981400342	0.014885394
1	1	0.000783418	0.998057289	0.001159293
1	1	0.000533714	0.998650901	0.000815385
1	1	0.000167257	0.999423121	0.000409621
1	1	0.073473454	0.920230486	0.006296061
1	1	0.024038968	0.974452893	0.001508139
1	1	0.274113525	0.71898633	0.006900144
1	1	0.001925298	0.993248399	0.004826303
1	1	0.003085778	0.991088379	0.005825843
1	1	0.001219276	0.990942934	0.00783779
1	1	0.034788916	0.961792594	0.00341849
1	1	0.003397873	0.995106344	0.001495783
1	1	0.000791077	0.998486366	0.000722557
1	1	0.000542719	0.998781418	0.000675864
1	1	0.008390132	0.970834745	0.020775123
1	1	0.02526392	0.970758087	0.003977993
1	1	0.030372897	0.661857749	0.307769354
1	1	0.001897442	0.995461693	0.002640865
1	1	0.002325592	0.993540288	0.004134121
1	1	0.00132626	0.99671292	0.00196082
1	1	0.002067082	0.993702765	0.004230153
1	1	0.002313479	0.994711199	0.002975323
1	1	0.001283397	0.997458116	0.001258487
1	1	0.001458535	0.997480337	0.001061128
1	1	0.00113361	0.997056245	0.001810145
1	1	0.001470514	0.997559514	0.000969972
1	1	0.000742112	0.995699365	0.003558522
1	1	0.001383524	0.997382016	0.00123446
1	1	0.001309111	0.997495887	0.001195002
1	1	0.003881171	0.966746977	0.029371852
1	1	0.001068842	0.997922747	0.001008411
1	1	0.002168301	0.993609129	0.00422257
1	1	0.00077923	0.998396494	0.000824276
1	1	0.001814072	0.995628571	0.002557357
1	1	0.001119491	0.997621815	0.001258693
1	1	0.006591395	0.990752754	0.002655851
1	1	0.00836248	0.988961167	0.002676353
1	1	0.00233456	0.995378709	0.002286731
1	1	0.011425591	0.985802169	0.00277224
1	1	0.000633506	0.998659467	0.000707027
1	1	0.018371584	0.964495439	0.017132977
1	1	0.013709587	0.980728204	0.005562209
1	1	0.001719154	0.994392701	0.003888145
1	1	0.001766752	0.995696603	0.002536646
1	1	0.00146223	0.99551715	0.003020621
1	1	0.005882747	0.984883887	0.009233367
1	1	0.003141628	0.985590662	0.01126771
1	1	0.003727001	0.992675625	0.003597373
1	1	0.000827832	0.997403096	0.001769072
1	1	0.00174166	0.99429955	0.00395879
1	1	0.002615107	0.995858351	0.001526542
1	1	0.000248839	0.999094345	0.000656816
1	1	0.423494224	0.559050537	0.01745524
1	1	0.002560075	0.996088937	0.001350989
1	1	0.001899235	0.997299808	0.000800957
1	1	0.000803236	0.998938483	0.000258281
1	1	0.001619162	0.995264656	0.003116182
1	1	0.000959325	0.997721543	0.001319132
1	1	0.002109168	0.996046174	0.001844657
1	1	0.38490264	0.611301578	0.003795782
1	1	0.015856175	0.938477599	0.045666226
1	1	0.032783973	0.961831982	0.005384044
1	1	0.001786715	0.992848918	0.005364368
1	1	0.001446057	0.994997927	0.003556015
1	1	0.002314707	0.996235119	0.001450174
1	1	0.025421709	0.973213497	0.001364794
1	1	0.000953778	0.998122481	0.000923741
1	1	0.000577675	0.998701345	0.00072098
1	1	0.006771755	0.98926303	0.003965216
1	1	0.001806127	0.994644095	0.003549778
1	1	0.000405522	0.998864894	0.000729584
1	1	0.001609875	0.995013905	0.00337622
1	1	0.001552338	0.995616289	0.002831374
1	1	0.002239004	0.993199132	0.004561863
1	1	0.000680761	0.997603137	0.001716102
1	1	0.001277874	0.997346377	0.001375749
1	1	0.001671411	0.995323618	0.003004971
1	1	0.001299035	0.997170576	0.001530389
1	1	0.001808339	0.995165457	0.003026204
1	1	0.002410044	0.995400299	0.002189657
1	1	0.001761449	0.996387902	0.001850649
1	1	0.14526513	0.848916265	0.005818605
1	1	0.005659722	0.991852787	0.002487491
1	1	0.001455045	0.997584514	0.000960441
1	1	0.000513359	0.998865489	0.000621152
1	1	0.006751502	0.98798253	0.005265968
1	1	0.004564948	0.992778027	0.002657025
1	1	0.001994347	0.99746484	0.000540812
1	1	0.00086882	0.998526236	0.000604944
1	1	0.000483684	0.99872307	0.000793246
1	1	0.000381144	0.998668175	0.00095068
1	1	0.003082818	0.99539956	0.001517621
1	1	0.007935977	0.935430192	0.056633831
1	1	0.001410529	0.9947233	0.003866171
1	1	0.0013906	0.99618754	0.002421859
1	1	0.000369846	0.998875782	0.000754372
1	1	0.000354263	0.998730904	0.000914832
1	1	0.000571862	0.997690645	0.001737493
1	1	0.001187948	0.997874116	0.000937937
1	1	0.000313089	0.999075857	0.000611054
1	1	0.000841494	0.997870335	0.001288171
1	1	0.004003744	0.974505347	0.021490909
1	1	0.000544259	0.998216164	0.001239577
1	1	0.000426921	0.998889734	0.000683345
1	1	0.000807381	0.998785992	0.000406627
1	1	8.03588E-05	0.999790772	0.00012887
1	1	0.019874606	0.978228073	0.001897321
1	1	0.002537118	0.620129681	0.377333201
1	1	0.001299848	0.992222569	0.006477583
1	1	0.016897354	0.920352745	0.062749902
1	1	0.000970055	0.998643629	0.000386315
1	1	0.003571486	0.975921195	0.020507319
1	1	0.001181604	0.996722937	0.002095459
1	1	0.007113694	0.972064064	0.020822241
1	1	0.001629174	0.994831369	0.003539457
1	1	0.002138239	0.991860424	0.006001338
1	2	0.015685748	0.307462319	0.676851933
1	1	0.119300397	0.822414609	0.058284993
1	1	0.001780039	0.988645153	0.009574808
1	1	0.002202148	0.994990524	0.002807328
1	1	0.00029426	0.999152461	0.000553279
1	1	0.002527547	0.996001885	0.001470569
1	1	0.000386909	0.998779045	0.000834046
1	1	0.001649856	0.996239932	0.002110211
1	1	0.271967162	0.537850872	0.190181966
1	1	0.007042666	0.954594592	0.038362742
1	1	0.00623398	0.986156387	0.007609633
1	1	0.003538388	0.994232572	0.00222904
1	1	0.002097503	0.996299223	0.001603274
1	1	0.000919708	0.998546847	0.000533445
1	1	0.001829432	0.996356983	0.001813585
1	1	0.001621768	0.99457665	0.003801582
1	1	0.000506196	0.998513931	0.000979873
1	1	0.000409987	0.996820778	0.002769235
1	1	0.001768278	0.992181434	0.006050289
1	1	0.000298661	0.999200386	0.000500952
1	1	0.009454761	0.789119983	0.201425257
1	1	0.021453608	0.965641676	0.012904716
1	1	0.000745789	0.998333044	0.000921168
1	1	0.000372863	0.999201787	0.00042535
1	1	0.001264954	0.996287622	0.002447424
1	1	0.001871131	0.993409651	0.004719218
1	1	0.001351856	0.967657715	0.030990429
1	1	0.0011036	0.997326239	0.001570161
1	1	0.001270369	0.993871238	0.004858393
1	1	0.004349141	0.980221402	0.015429457
1	1	0.00249961	0.993004179	0.00449621
1	1	7.42645E-05	0.999823023	0.000102712
1	1	0.000307983	0.99863348	0.001058537
1	1	0.000310785	0.998092504	0.001596711
1	1	0.000243621	0.999303052	0.000453327
1	1	0.000556849	0.998784828	0.000658322
1	1	0.000189312	0.999485535	0.000325153
1	1	0.002448881	0.994391565	0.003159555
1	1	0.000185741	0.999542436	0.000271823
1	1	0.000488913	0.998575583	0.000935504
1	1	0.000100901	0.99982502	7.40793E-05
1	1	0.051909175	0.923707595	0.024383229
1	1	0.000955955	0.997902645	0.0011414
1	1	0.000698895	0.99859115	0.000709954
1	1	0.000678153	0.996966432	0.002355415
1	1	0.000220294	0.999250668	0.000529038
1	1	0.000151776	0.999697942	0.000150281
1	1	0.019676521	0.930969119	0.04935436
1	1	0.000432976	0.998672151	0.000894873
1	1	0.001245419	0.998218691	0.000535889
1	1	0.261942512	0.401346466	0.336711022
1	1	0.008101482	0.969273709	0.022624809
1	1	0.001119536	0.99746251	0.001417953
1	1	0.001658271	0.997822352	0.000519377
1	2	0.261746238	0.122667259	0.615586503
1	1	0.00020993	0.99946411	0.00032596
1	1	0.000333226	0.999209209	0.000457565
1	1	0.003436341	0.931510336	0.065053323
1	1	0.000742734	0.998428335	0.000828932
1	1	9.22239E-05	0.998909411	0.000998365
1	1	0.000879087	0.998474148	0.000646765
1	1	0.00055094	0.999216528	0.000232532
1	1	0.001563673	0.99549242	0.002943907
1	1	0.000595162	0.998125198	0.00127964
1	1	0.000520781	0.99802106	0.001458159
1	1	0.000374324	0.99881065	0.000815026
1	1	0.000287456	0.999458738	0.000253806
1	1	0.001297087	0.991304087	0.007398826
1	1	0.000231051	0.999126533	0.000642416
1	1	0.012164284	0.95384783	0.033987885
1	1	0.007078779	0.985650165	0.007271056
1	1	0.000512456	0.998504932	0.000982612
1	1	0.000484856	0.999242422	0.000272722
1	1	0.002873243	0.993407808	0.00371895
1	1	8.70194E-05	0.999820432	9.25483E-05
1	1	0.000661894	0.998795271	0.000542835
1	1	0.004513024	0.983352296	0.01213468
1	1	0.001650092	0.99628284	0.002067068
1	1	0.001171332	0.998387469	0.000441199
1	1	0.000348635	0.998315647	0.001335719
1	1	0.000260745	0.999433359	0.000305896
1	1	0.016869045	0.752785471	0.230345484
1	1	0.008393113	0.977121919	0.014484968
1	1	0.002607822	0.990109378	0.0072828
1	1	0.000366857	0.997165615	0.002467528
1	1	0.003476869	0.966549079	0.029974052
1	1	0.00052338	0.998599092	0.000877528
1	1	0.000733215	0.998130364	0.001136421
1	1	0.007448817	0.980983039	0.011568145
1	1	0.000335376	0.992669608	0.006995016
1	1	0.003480154	0.994238018	0.002281827
1	1	0.000474929	0.998554811	0.00097026
1	1	0.004256276	0.992666295	0.003077429
1	1	0.000526363	0.998382482	0.001091155
1	1	0.004032265	0.991013572	0.004954163
1	1	0.006889222	0.986001802	0.007108976
1	1	0.002413521	0.993949743	0.003636736
1	1	0.00137311	0.997825671	0.000801219
1	1	0.001285533	0.997122495	0.001591972
1	1	0.0021391	0.993848919	0.004011981
1	1	0.001513603	0.995945563	0.002540835
1	1	0.005805786	0.934073461	0.060120753
1	1	0.001402069	0.996798898	0.001799033
1	1	0.004686184	0.991797132	0.003516684
1	1	0.000188647	0.999466342	0.000345011
1	1	0.001278515	0.996450532	0.002270953
1	1	0.000373741	0.999252817	0.000373442
1	1	0.000489154	0.999066379	0.000444467
1	1	0.009691593	0.986791581	0.003516826
1	1	0.013247739	0.978897445	0.007854816
1	1	0.002606971	0.995444083	0.001948946
1	1	0.002600389	0.973269487	0.024130124
1	1	0.002318154	0.995326775	0.002355072
1	1	0.00321906	0.992165119	0.00461582
1	1	0.003263648	0.988951767	0.007784586
1	1	0.002110086	0.994289932	0.003599982
1	1	0.003861723	0.994473629	0.001664648
1	1	0.000971973	0.997819777	0.00120825
1	1	0.000644737	0.998332727	0.001022537
1	1	0.004865145	0.954985893	0.040148961
1	1	0.003462251	0.985470183	0.011067566
1	1	0.000150571	0.999423814	0.000425615
1	1	0.003221413	0.994380623	0.002397964
1	1	0.01490573	0.812930579	0.172163691
1	1	0.026407193	0.908628602	0.064964205
1	0	0.799414698	0.168743504	0.031841798
1	1	0.233514072	0.656709882	0.109776046
1	1	0.002802994	0.996638457	0.00055855
1	1	0.001305862	0.997311542	0.001382596
1	1	0.002739917	0.995383171	0.001876912
1	1	0.001476202	0.991751284	0.006772514
1	1	0.001031092	0.996967965	0.002000943
1	1	0.00192626	0.996232056	0.001841684
1	1	0.001292688	0.997172629	0.001534683
1	1	0.001413891	0.996296811	0.002289298
1	1	0.001843982	0.994885242	0.003270776
1	1	0.001103196	0.997858787	0.001038017
1	1	0.0012139	0.997386148	0.001399952
1	1	0.000967371	0.998272657	0.000759972
1	1	0.00228041	0.995808727	0.001910863
1	1	0.000989476	0.997866766	0.001143758
1	1	0.001754683	0.996738216	0.001507101
1	1	0.000632225	0.998735487	0.000632288
1	1	0.000340078	0.999265793	0.000394128
1	1	0.00056133	0.998500332	0.000938338
1	1	0.22984854	0.75984964	0.01030182
1	1	0.004881662	0.991070489	0.004047849
1	1	0.000556898	0.998173723	0.001269378
1	1	0.004004499	0.990310572	0.005684929
1	1	0.000842714	0.998119206	0.00103808
1	1	0.0015029	0.99654697	0.00195013
1	1	0.002813956	0.995346916	0.001839128
1	1	0.000402314	0.998923212	0.000674474
1	1	0.0026933	0.989071917	0.008234783
1	1	0.018594473	0.98089399	0.000511537
1	1	0.064306925	0.932778083	0.002914993
1	1	0.002487683	0.994909351	0.002602966
1	1	0.002821233	0.99542919	0.001749577
1	1	0.002562539	0.994955874	0.002481587
1	1	0.001314898	0.995713031	0.002972071
1	1	0.000840159	0.998381325	0.000778517
1	1	0.00073121	0.999090911	0.000177879
1	1	0.000905587	0.997774946	0.001319467
1	1	0.000917416	0.998351915	0.000730669
1	1	0.000361001	0.998971804	0.000667195
1	1	0.001430005	0.997824736	0.00074526
1	1	0.001549194	0.997781669	0.000669138
1	1	0.000469899	0.998609231	0.00092087
1	1	0.000311889	0.998439298	0.001248813
1	1	0.000654494	0.998653452	0.000692053
1	1	0.000988486	0.997766658	0.001244855
1	1	0.000639401	0.998621649	0.000738951
1	1	0.000841549	0.998134992	0.001023459
1	1	0.020352743	0.975563916	0.004083342
1	1	0.000619646	0.998938646	0.000441708
1	1	0.000447046	0.998851986	0.000700968
1	1	0.001711754	0.99547337	0.002814876
1	1	0.000817457	0.997689909	0.001492634
1	1	0.002987212	0.994997745	0.002015043
1	1	0.000414224	0.998498416	0.00108736
1	1	0.000716667	0.998302588	0.000980744
1	1	0.000861934	0.998569692	0.000568374
1	1	0.009407928	0.98846456	0.002127511
1	1	0.003345268	0.989249795	0.007404937
1	1	0.005555117	0.984387374	0.010057509
1	1	0.003507923	0.994683167	0.00180891
1	1	0.002815392	0.99555604	0.001628569
1	1	0.001952714	0.996670269	0.001377018
1	1	0.002004175	0.99469117	0.003304656
1	1	0.005135347	0.993811438	0.001053215
1	1	0.001902364	0.99784419	0.000253446
1	1	0.002515714	0.99451638	0.002967906
1	1	0.008635612	0.952218533	0.039145856
1	1	0.002188909	0.996852794	0.000958298
1	1	0.199972374	0.781159402	0.018868224
1	1	0.000719	0.998551718	0.000729283
1	1	0.00590119	0.993221895	0.000876914
1	1	0.000983553	0.99786362	0.001152826
1	1	0.000388722	0.998854807	0.000756471
1	1	0.001173719	0.99812358	0.000702702
1	1	0.003526235	0.994192271	0.002281494
1	1	0.001774673	0.995371912	0.002853415
1	1	0.009346474	0.988905829	0.001747697
1	1	0.001542525	0.996770864	0.001686611
1	1	0.008296727	0.988077523	0.00362575
1	1	0.006722798	0.855173559	0.138103643
1	1	0.00057603	0.998750488	0.000673481
1	1	0.001060005	0.998319369	0.000620626
1	1	0.000298086	0.999270366	0.000431549
1	1	0.001161997	0.997787111	0.001050893
1	1	0.002748671	0.985074712	0.012176617
1	1	0.001530256	0.987656892	0.010812851
1	1	0.001140315	0.997452622	0.001407063
1	1	0.021725146	0.939051575	0.039223278
1	1	0.002583576	0.995330161	0.002086263
1	1	0.000503287	0.998750613	0.000746101
1	1	0.005929992	0.990611896	0.003458112
1	1	0.003434878	0.990967278	0.005597844
1	1	0.001082626	0.997936107	0.000981267
1	1	0.002790382	0.995632691	0.001576928
1	1	0.002286068	0.996085638	0.001628295
1	1	0.001434543	0.997693447	0.00087201
1	1	0.001341625	0.997229795	0.00142858
1	1	0.002129073	0.995541582	0.002329344
1	1	0.008239177	0.988610515	0.003150309
1	1	0.016837771	0.945793859	0.03736837
1	1	0.001866724	0.997333413	0.000799863
1	1	0.000528806	0.997115661	0.002355532
1	1	0.070586113	0.911173587	0.0182403
1	1	0.000244443	0.999171627	0.00058393
1	1	0.010184422	0.980594801	0.009220777
1	1	0.000640178	0.998637156	0.000722666
1	1	0.01018673	0.961780171	0.028033099
1	1	0.005246294	0.99180041	0.002953296
1	1	0.001318322	0.98718728	0.011494398
1	1	0.000478417	0.998772775	0.000748808
1	1	0.001526336	0.994927488	0.003546176
1	1	0.003099498	0.979889843	0.017010659
1	1	0.001006699	0.996527598	0.002465703
1	1	0.019327599	0.966067838	0.014604564
1	1	0.002241312	0.976096644	0.021662044
1	1	0.003980579	0.988735808	0.007283614
1	1	0.058625476	0.888264306	0.053110218
1	1	0.000499883	0.998664664	0.000835453
1	1	0.002702094	0.986562719	0.010735188
1	1	0.003109895	0.991767879	0.005122226
1	1	0.005603351	0.981286787	0.013109862
1	1	0.002340896	0.994593226	0.003065878
1	1	0.001784612	0.996751199	0.001464189
1	1	0.000518944	0.998686728	0.000794328
1	1	0.000560065	0.998743097	0.000696838
1	1	0.009531985	0.971511399	0.018956616
1	1	0.000769567	0.998618191	0.000612242
1	1	0.002062784	0.995411673	0.002525544
1	1	0.047320758	0.939971022	0.01270822
1	1	0.08253539	0.909529262	0.007935348
1	1	0.001086851	0.997133023	0.001780126
1	1	0.001877671	0.996582714	0.001539615
1	1	0.008599836	0.985986949	0.005413215
1	1	0.000771938	0.997796238	0.001431824
1	1	0.00104228	0.997458103	0.001499618
1	1	0.003709303	0.960970883	0.035319814
1	1	0.011647917	0.679140022	0.309212061
1	1	0.001262251	0.994954447	0.003783301
1	1	0.011587043	0.968634616	0.019778341
1	1	0.007557726	0.92952188	0.062920394
1	1	0.001373532	0.992359545	0.006266923
1	1	0.003117605	0.937263954	0.059618441
1	1	0.001047609	0.99596288	0.002989511
1	1	0.005962985	0.785697034	0.20833998
1	1	0.01881432	0.939002638	0.042183042
1	2	0.003933512	0.377297031	0.618769456
1	1	0.003195648	0.946328753	0.050475599
1	1	0.015379233	0.96470089	0.019919877
1	2	0.01073621	0.362028223	0.627235566
1	1	0.001589677	0.987849718	0.010560605
1	1	0.010675014	0.964496147	0.024828839
1	1	0.015862069	0.956165184	0.027972746
1	2	0.009895122	0.105587704	0.884517173
1	1	0.00194393	0.995466965	0.002589104
1	1	0.00360492	0.862038195	0.134356885
1	1	0.007360391	0.808606993	0.184032616
1	1	0.004463369	0.941621897	0.053914735
1	2	0.085046072	0.220036431	0.694917497
1	1	0.008838194	0.50043744	0.490724365
1	1	0.00403469	0.836084354	0.159880956
1	1	0.003868956	0.782727556	0.213403489
1	1	0.002114518	0.973625534	0.024259948
1	1	0.002360235	0.966770497	0.030869268
1	1	0.001233116	0.977935847	0.020831038
1	1	0.005788713	0.922244123	0.071967164
1	1	0.009740784	0.978011718	0.012247498
1	1	0.003314863	0.934878163	0.061806974
1	1	0.002771143	0.984033566	0.013195291
1	1	0.005181607	0.924557507	0.070260886
1	1	0.001243927	0.995926647	0.002829425
1	1	0.00121046	0.921682058	0.077107482
1	1	0.002293317	0.994857025	0.002849658
1	1	0.002031566	0.988715812	0.009252622
1	1	0.003685279	0.80034772	0.195967001
1	1	0.020151838	0.839994651	0.139853511
1	1	0.091880413	0.615963598	0.292155989
1	2	0.003011666	0.002534746	0.994453588
1	2	0.013411172	0.148530169	0.838058659
1	2	0.017682076	0.038105227	0.944212698
1	1	0.002033008	0.99577016	0.002196832
1	2	0.004245411	0.089392671	0.906361918
1	1	0.001211163	0.984644969	0.014143868
1	2	0.009945831	0.035682253	0.954371916
1	1	0.011477782	0.563469499	0.425052718
1	1	0.002102733	0.987067073	0.010830194
1	2	0.011500763	0.084513678	0.903985559
1	1	0.004234098	0.990361736	0.005404167
1	2	0.012849945	0.197618721	0.789531334
1	2	0.01598092	0.408256437	0.575762643
1	2	0.002277495	0.020341767	0.977380737
1	1	0.011077941	0.781375478	0.207546581
1	1	0.001464107	0.955701325	0.042834568
1	1	0.015614212	0.953444807	0.030940981
1	1	0.006400454	0.965522035	0.028077511
1	1	0.001088124	0.997403166	0.00150871
1	1	0.003568883	0.993816669	0.002614447
1	1	0.00240157	0.982423832	0.015174598
1	1	0.007615254	0.823409301	0.168975444
1	1	0.001232227	0.991206625	0.007561148
1	1	0.009660713	0.663990252	0.326349035
1	1	0.001484547	0.994370424	0.004145029
1	1	0.000812468	0.995177413	0.004010119
1	1	0.001375086	0.992390301	0.006234613
1	2	0.013648112	0.447197899	0.539153989
1	1	0.008359675	0.96885949	0.022780835
1	1	0.003157475	0.96629839	0.030544135
1	1	0.001693072	0.995897609	0.00240932
1	1	0.014967874	0.960646199	0.024385926
1	2	0.042696918	0.135643041	0.821660041
1	1	0.002682183	0.843644219	0.153673599
1	1	0.006240382	0.978618085	0.015141532
1	1	0.002289812	0.875215234	0.122494954
1	2	0.307391985	0.034727218	0.657880797
1	1	0.015125599	0.96747408	0.017400321
1	1	0.000909025	0.992192385	0.00689859
1	1	0.00645426	0.988155767	0.005389973
1	1	0.004302111	0.989011288	0.006686601
1	1	0.001368384	0.981547814	0.017083801
1	1	0.002692618	0.99050404	0.006803342
1	1	0.000270101	0.997789599	0.0019403
1	1	0.008709107	0.984633226	0.006657668
1	1	0.010771737	0.88813679	0.101091472
1	1	0.000392006	0.998168456	0.001439538
1	1	0.00191186	0.993145118	0.004943022
1	1	0.001992485	0.989384088	0.008623427
1	1	0.00601677	0.962323343	0.031659888
1	1	0.001027732	0.995111543	0.003860724
1	1	0.014009982	0.952576181	0.033413837
1	1	0.00434176	0.939342176	0.056316064
1	1	0.003956134	0.993532901	0.002510965
1	1	0.00181553	0.96389023	0.03429424
1	2	0.054980188	0.46632038	0.478699432
1	1	0.000868092	0.997091108	0.002040801
1	1	0.077555866	0.642777436	0.279666698
1	2	0.078219387	0.076120494	0.84566012
1	1	0.003924458	0.983215458	0.012860084
1	1	0.005010455	0.981151429	0.013838116
1	1	0.003011466	0.790627548	0.206360986
1	2	0.00897051	0.473874524	0.517154966
1	1	0.000674304	0.97938574	0.019939956
1	2	0.003708727	0.047879561	0.948411712
1	1	0.00161691	0.92142071	0.07696238
1	1	0.007305547	0.90039539	0.092299063
1	1	0.00401654	0.561168339	0.43481512
1	1	0.005097786	0.987430636	0.007471578
1	1	0.000704722	0.996598258	0.002697021
1	1	0.00192886	0.995583514	0.002487626
1	1	0.001341084	0.99672861	0.001930306
1	1	0.001659529	0.98400791	0.014332561
1	1	0.010021454	0.553592115	0.436386431
1	1	0.001709962	0.991551982	0.006738055
1	1	0.002323829	0.983793847	0.013882324
1	1	0.010698389	0.976615684	0.012685926
1	1	0.00387499	0.939119779	0.057005231
1	1	0.000784853	0.998586798	0.000628349
1	1	0.009801025	0.988498365	0.00170061
1	0	0.73139573	0.261531482	0.007072787
1	1	0.000924651	0.996611411	0.002463938
1	1	0.004988136	0.861316706	0.133695158
1	1	0.017994648	0.978161118	0.003844234
1	1	0.003298848	0.985326661	0.011374491
1	2	0.004811367	0.004717039	0.990471595
1	1	0.003648023	0.988496702	0.007855275
1	1	0.002809397	0.986999959	0.010190644
1	1	0.001217309	0.996095374	0.002687316
1	1	0.000983592	0.997104779	0.001911629
1	1	0.002675173	0.991396073	0.005928754
1	1	0.002246185	0.983908691	0.013845124
1	1	0.0016428	0.981519807	0.016837393
1	1	0.000361803	0.997591466	0.002046731
1	1	0.003215241	0.992574593	0.004210166
1	1	0.006678502	0.990285944	0.003035553
1	1	0.006209653	0.988318561	0.005471786
1	1	0.001561544	0.996227167	0.002211288
1	1	0.003402623	0.942133021	0.054464356
1	1	0.00290063	0.993792084	0.003307286
1	1	0.001694655	0.994837341	0.003468004
1	1	0.00190733	0.99327204	0.00482063
1	1	0.01496529	0.930603726	0.054430984
1	2	0.003130773	0.003720954	0.993148273
1	1	0.001508464	0.995645886	0.00284565
1	1	0.011482423	0.986158861	0.002358716
1	1	0.049394146	0.936296236	0.014309618
1	1	0.005581183	0.979851205	0.014567612
1	1	0.002759881	0.989487836	0.007752284
1	1	0.026154037	0.956521777	0.017324186
1	1	0.001878754	0.994468758	0.003652488
1	1	0.001513722	0.995924322	0.002561957
1	1	0.000625036	0.994910929	0.004464036
1	1	0.000686921	0.997911129	0.00140195
1	1	0.004339319	0.974103319	0.021557362
1	1	0.000317967	0.998636538	0.001045495
1	1	0.027277319	0.727821309	0.244901371
1	1	0.000996364	0.988469117	0.010534519
1	1	0.005553808	0.987408475	0.007037717
1	1	0.001009837	0.997337003	0.00165316
1	1	0.002082337	0.993457029	0.004460634
1	1	0.00080388	0.995948263	0.003247857
1	1	0.023961665	0.855730316	0.120308019
1	1	0.004268111	0.991552055	0.004179834
1	1	0.009398155	0.988030284	0.002571562
1	1	0.017798513	0.967983399	0.014218088
1	2	0.091115031	0.362281954	0.546603014
1	2	0.033332488	0.261290426	0.705377086
1	1	0.000937592	0.997407972	0.001654436
1	1	0.017594058	0.738529622	0.24387632
1	1	0.002560267	0.939371922	0.058067811
1	1	0.001177691	0.982259569	0.01656274
1	1	0.00245015	0.988164507	0.009385343
1	1	0.005188448	0.92383606	0.070975492
1	2	0.002246422	0.193802316	0.803951262
1	1	0.002619148	0.98974657	0.007634282
1	1	0.003118511	0.944310968	0.052570521
1	1	0.004121498	0.96498899	0.030889511
1	1	0.007258891	0.682817121	0.309923988
1	1	0.00266007	0.987476317	0.009863613
1	1	0.005125008	0.551935987	0.442939005
1	1	0.010852303	0.962734143	0.026413554
1	1	0.006744185	0.968821694	0.024434122
1	1	0.002322904	0.984681401	0.012995695
1	2	0.088001236	0.193940393	0.71805837
1	1	0.005895514	0.688897012	0.305207473
1	1	0.001185436	0.992185853	0.006628711
1	1	0.04128359	0.633313194	0.325403216
1	2	0.014410568	0.352151622	0.63343781
1	1	0.007572658	0.608772186	0.383655156
1	2	0.00509425	0.10286448	0.89204127
1	1	0.019600327	0.615199275	0.365200398
1	1	0.00056058	0.997863221	0.001576199
1	1	0.000708695	0.995922798	0.003368507
1	1	0.051557707	0.49457643	0.453865863
1	2	0.070641455	0.01747056	0.911887985
1	1	0.005496172	0.898522667	0.095981161
1	1	0.004291088	0.970916431	0.02479248
1	1	0.011248606	0.698646022	0.290105372
1	2	0.013825676	0.004826046	0.981348279
1	1	0.008349721	0.824377129	0.16727315
1	1	0.008501021	0.8493627	0.142136278
1	1	0.007248833	0.970237097	0.022514071
1	1	0.018216713	0.582273025	0.399510262
1	1	0.002046757	0.908101897	0.089851346
1	1	0.000852652	0.998442028	0.00070532
1	1	0.005410928	0.974009054	0.020580018
1	1	0.003786721	0.943598315	0.052614964
1	1	0.001882414	0.995509661	0.002607925
1	2	0.006031564	0.447647624	0.546320812
1	1	0.004221778	0.954470211	0.04130801
1	1	0.003749582	0.9843134	0.011937018
1	1	0.000275713	0.999248791	0.000475496
1	1	0.002774088	0.967216171	0.030009741
1	1	0.005727844	0.984702099	0.009570057
1	1	0.006260965	0.810162024	0.183577011
1	1	0.006383644	0.776455333	0.217161023
1	1	0.004921413	0.960828274	0.034250313
1	1	0.022384103	0.767816673	0.209799224
1	1	0.002135956	0.992288921	0.005575123
1	1	0.004868715	0.982332757	0.012798527
1	2	0.37713937	0.070050387	0.552810243
1	2	0.026173086	0.14911706	0.824709854
1	2	0.387061872	0.013025182	0.599912946
1	1	0.002579269	0.994863805	0.002556926
1	1	0.01842229	0.921185426	0.060392284
1	1	0.005145552	0.869338527	0.125515921
1	1	0.000548156	0.975553597	0.023898247
1	1	0.000950333	0.993721237	0.00532843
1	1	0.000528472	0.993599301	0.005872227
1	2	0.029214429	0.061587733	0.909197838
1	1	0.003512668	0.934373061	0.062114272
1	1	0.007587103	0.967533257	0.02487964
1	1	0.000712004	0.990815473	0.008472523
1	1	0.001851544	0.949485399	0.048663057
1	1	0.004244751	0.939815058	0.055940191
1	1	0.018983756	0.910581713	0.070434531
1	2	0.303573534	0.042807952	0.653618514
1	1	0.000462381	0.998580536	0.000957083
1	1	0.004879833	0.918104333	0.077015834
1	1	0.000702301	0.997654398	0.001643301
1	1	0.00217837	0.99602955	0.00179208
1	1	0.001217801	0.998692011	9.01885E-05
1	1	0.000656525	0.998252353	0.001091122
1	1	0.001946269	0.987635949	0.010417782
1	1	0.001163545	0.997519172	0.001317283
1	1	0.002590054	0.996828607	0.000581339
1	1	0.000696236	0.998479501	0.000824262
1	1	0.000621943	0.998838662	0.000539395
1	1	0.000462505	0.99894824	0.000589255
1	1	0.000782997	0.998518927	0.000698076
1	1	0.001237172	0.9980749	0.000687928
1	1	0.00015844	0.999664644	0.000176916
1	1	0.000654771	0.998876143	0.000469086
1	1	8.77564E-05	0.999753758	0.000158486
1	1	0.000879304	0.998321082	0.000799615
1	1	0.000581958	0.998588977	0.000829065
1	1	0.00161911	0.996328352	0.002052538
1	1	0.000767338	0.998518059	0.000714603
1	1	0.000690205	0.998180454	0.001129341
1	1	0.000134398	0.999695804	0.000169797
1	1	0.000537814	0.998503836	0.00095835
1	1	0.009544248	0.97773495	0.012720802
1	1	0.264310093	0.731006981	0.004682925
1	1	0.000198804	0.99940933	0.000391866
1	1	0.000528567	0.998758941	0.000712492
1	1	0.003194953	0.901691411	0.095113636
1	1	0.002726035	0.98609037	0.011183595
1	1	0.002879813	0.798732029	0.198388158
1	2	0.001320529	0.000201218	0.998478253
1	2	0.003395364	0.007983771	0.988620865
1	1	0.072248603	0.814612868	0.113138529
1	1	0.00132649	0.980670543	0.018002967
1	1	0.003901194	0.97387459	0.022224217
1	1	0.010070151	0.800451319	0.18947853
1	1	0.00116725	0.97667139	0.02216136
1	1	0.007217998	0.868248153	0.12453385
1	1	0.018208343	0.915783398	0.066008259
1	1	0.007399651	0.846011347	0.146589003
1	1	0.000406856	0.998150894	0.00144225
1	1	0.004197956	0.934580579	0.061221464
1	1	0.00085858	0.99717321	0.00196821
1	1	0.035545309	0.835648591	0.128806101
2	2	0.012314352	0.004237042	0.983448606
2	2	0.008709022	0.001137985	0.990152993
2	2	0.131442241	0.025810142	0.842747616
2	2	0.012682299	0.011274091	0.97604361
2	2	0.014355277	0.005188879	0.980455844
2	2	0.002003888	0.000359259	0.997636853
2	2	0.009860887	0.002639465	0.987499648
2	2	0.004214289	0.0007478	0.995037911
2	0	0.859619089	0.007295731	0.13308518
2	2	0.095341532	0.285992482	0.618665986
2	2	0.008144243	0.001552414	0.990303343
2	2	0.003685918	0.000540706	0.995773376
2	2	0.438694583	0.009053971	0.552251446
2	2	0.019818501	0.001881964	0.978299535
2	2	0.006580362	0.000857349	0.992562289
2	2	0.004383082	0.001900187	0.993716731
2	2	0.057216861	0.005253259	0.93752988
2	2	0.015221693	0.001372758	0.983405549
2	0	0.945186338	0.005888976	0.048924686
2	2	0.220049187	0.002165067	0.777785747
2	2	0.127111718	0.031825453	0.84106283
2	2	0.007747473	0.001894333	0.990358194
2	2	0.009433593	0.001484647	0.98908176
2	2	0.017444261	0.002694764	0.979860975
2	2	0.233893804	0.044436766	0.721669431
2	2	0.006211478	0.000720867	0.993067656
2	2	0.277328311	0.033767609	0.688904079
2	2	0.011711845	0.001553951	0.986734204
2	2	0.003385156	0.000661927	0.995952917
2	2	0.002891902	0.000244171	0.996863927
2	2	0.012700513	0.007995208	0.979304279
2	2	0.004751502	0.00082734	0.994421158
2	2	0.003514625	0.000599196	0.995886179
2	2	0.00962321	0.003566475	0.986810315
2	2	0.044299242	0.059048997	0.896651761
2	2	0.010769484	0.002381943	0.986848573
2	2	0.011240292	0.003106215	0.985653493
2	2	0.00462321	0.000728323	0.994648466
2	0	0.673838273	0.012319583	0.313842143
2	2	0.031376481	0.002821754	0.965801765
2	2	0.002407188	0.001680614	0.995912199
2	2	0.050754838	0.003846282	0.945398881
2	2	0.030434759	0.008554738	0.961010503
2	2	0.087871477	0.014482996	0.897645528
2	2	0.48526117	0.003832001	0.510906828
2	2	0.014514745	0.002823465	0.98266179
2	2	0.011764782	0.014138626	0.974096592
2	2	0.014260197	0.123294061	0.862445742
2	2	0.00072638	1.0991E-05	0.999262629
2	2	0.006714577	0.001128942	0.992156481
2	2	0.004035747	0.000716836	0.995247418
2	2	0.059705151	0.004666542	0.935628308
2	2	0.014791711	0.004606033	0.980602257
2	2	0.085381879	0.002350044	0.912268077
2	2	0.018800952	0.002712057	0.978486991
2	2	0.001852557	0.000931804	0.997215639
2	0	0.519073811	0.027176322	0.453749866
2	2	0.00593445	0.000624799	0.993440751
2	2	0.203576161	0.015607322	0.780816517
2	0	0.626714592	0.012136182	0.361149226
2	0	0.961853288	0.002481993	0.035664719
2	2	0.01612314	0.00426591	0.97961095
2	2	0.014832784	0.132269285	0.852897931
2	2	0.005633403	0.00098621	0.993380388
2	2	0.001696646	0.000303387	0.997999967
2	2	0.007436729	0.00095202	0.99161125
2	2	0.013155558	0.001940303	0.984904139
2	2	0.004356958	0.001407442	0.994235599
2	2	0.008594198	0.00596666	0.985439141
2	2	0.004362682	0.001289542	0.994347776
2	2	0.00391246	0.000367389	0.995720151
2	2	0.010308217	0.000843109	0.988848674
2	2	0.012858645	0.001476562	0.985664793
2	2	0.009410711	0.010985196	0.979604094
2	2	0.005708001	0.000757425	0.993534574
2	2	0.025530089	0.015693674	0.958776237
2	1	0.070102874	0.798363333	0.131533793
2	2	0.448250445	0.074303058	0.477446497
2	2	0.001984228	0.000338487	0.997677285
2	2	0.025112109	0.003087773	0.971800118
2	2	0.010685594	0.000608959	0.988705447
2	2	0.308723864	0.262709073	0.428567063
2	2	0.000171809	5.50964E-05	0.999773095
2	2	0.015789663	0.014831532	0.969378805
2	2	0.015023362	0.003354512	0.981622126
2	2	0.014980415	0.004342037	0.980677547
2	2	0.364013827	0.003478815	0.632507358
2	2	0.002744883	0.000167669	0.997087448
2	2	0.410449105	0.01179472	0.577756176
2	2	0.050918568	0.003000946	0.946080486
2	2	0.228150359	0.00368439	0.768165251
2	2	0.229206068	0.012310117	0.758483815
2	2	0.008265606	0.001934218	0.989800176
2	2	0.011911083	0.000892231	0.987196687
2	2	0.003329084	0.000521575	0.996149341
2	2	0.005557063	0.000808051	0.993634886
2	1	0.036134038	0.556816256	0.407049706
2	2	0.071461665	0.002735628	0.925802707
2	2	0.100857224	0.006750428	0.892392349
2	2	0.004668267	0.000883634	0.994448099
2	2	0.008716623	0.00194942	0.989333956
2	2	0.013087249	0.002998878	0.983913873
2	2	0.007272591	0.005290499	0.98743691
2	2	0.000939339	0.000193868	0.998866793
2	2	0.114512438	0.009559959	0.875927603
2	2	0.275731279	0.124030408	0.600238313
2	2	0.012104346	0.171119914	0.81677574
2	2	0.021284805	0.002977826	0.975737369
2	2	0.012537889	0.00471173	0.982750381
2	2	0.018472667	0.001488535	0.980038799
2	0	0.550380128	0.023504906	0.426114965
2	2	0.177957056	0.031007908	0.791035037
2	2	0.016423866	0.002121738	0.981454396
2	2	0.079721724	0.092419881	0.827858395
2	2	0.056462286	0.001191333	0.942346381
2	2	0.013969602	0.001382901	0.984647496
2	2	0.001013642	9.08042E-05	0.998895553
2	2	0.01000933	0.435684214	0.554306455
2	2	0.006464859	0.003954607	0.989580535
2	2	0.005912988	0.008880442	0.98520657
2	2	0.013330732	0.002230157	0.984439111
2	2	0.036648348	0.007341685	0.956009968
2	2	0.03994246	0.358970396	0.601087144
2	2	0.005135588	0.006951756	0.987912656
2	2	0.007790324	0.002924672	0.989285004
2	2	0.004618953	0.000554809	0.994826238
2	2	0.015593955	0.003591548	0.980814497
2	2	0.018136895	0.00265103	0.979212075
2	2	0.043242005	0.00356981	0.953188186
2	2	0.002817689	0.0005149	0.996667411
2	2	0.005799313	0.002581161	0.991619525
2	2	0.001346608	0.000118468	0.998534923
2	2	0.017934358	0.001707138	0.980358504
2	2	0.002909747	0.000174639	0.996915614
2	2	0.003891887	0.000658951	0.995449162
2	2	0.002446806	0.000819618	0.996733576
2	0	0.751229367	0.011165303	0.23760533
2	2	0.005816889	0.000850497	0.993332614
2	2	0.012542289	0.001605935	0.985851777
2	0	0.715725199	0.002813126	0.281461675
2	2	0.005271766	0.000501408	0.994226826
2	2	0.005936573	0.000664801	0.993398626
2	2	0.012867628	0.002158934	0.984973438
2	2	0.006264966	0.002082092	0.991652942
2	2	0.015137545	0.00591492	0.978947535
2	2	0.019973529	0.002419372	0.977607099
2	2	0.077333156	0.014595639	0.908071205
2	2	0.005624547	0.000769773	0.99360568
2	2	0.041070172	0.00538912	0.953540708
2	2	0.010954457	0.005615589	0.983429954
2	2	0.015888233	0.006533082	0.977578685
2	2	0.009442712	0.001113205	0.989444083
2	2	0.021576279	0.002587765	0.975835957
2	2	0.023078715	0.007779646	0.969141639
2	2	0.021086304	0.070296622	0.908617074
2	2	0.038149156	0.009052162	0.952798682
2	2	0.044126147	0.005502775	0.950371078
2	2	0.006944907	0.002259195	0.990795898
2	2	0.002848247	0.001194949	0.995956803
2	2	0.01921089	0.068025139	0.912763971
2	2	0.087222598	0.004578463	0.908198938
2	2	0.312743369	0.005493046	0.681763585
2	0	0.97811278	0.001450669	0.02043655
2	2	0.434598408	0.019072021	0.546329571
2	2	0.069096533	0.005615915	0.925287552
2	2	0.010507779	0.187807182	0.801685039
2	0	0.727036965	0.008955585	0.26400745
2	2	0.017604806	0.001984113	0.980411081
2	2	0.024387884	0.009010463	0.966601652
2	2	0.019394466	0.003506743	0.977098791
2	0	0.819168246	0.001813193	0.179018561
2	2	0.013549896	0.001610394	0.98483971
2	2	0.009309329	0.001074674	0.989615998
2	2	0.005275248	0.001133744	0.993591008
2	2	0.045427407	0.017542309	0.937030284
2	2	0.002611989	0.000526193	0.996861818
2	2	0.022210316	0.001014156	0.976775528
2	2	0.196413967	0.255449442	0.548136591
2	2	0.020230013	0.005130829	0.974639157
2	2	0.004292503	0.00207253	0.993634968
2	2	0.016472568	0.009054813	0.97447262
2	2	0.28505917	0.011983093	0.702957737
2	2	0.023425225	0.002864843	0.973709932
2	2	0.005404049	0.000485269	0.994110681
2	2	0.058743303	0.004075026	0.937181671
2	2	0.254987772	0.088713812	0.656298417
2	2	0.006494774	0.001927064	0.991578162
2	2	0.003634459	0.000750857	0.995614684
2	2	0.062641796	0.055675084	0.881683121
2	2	0.012422796	0.005830677	0.981746527
2	0	0.705279617	0.001596788	0.293123594
2	2	0.014773472	0.002694286	0.982532242
2	2	0.405473613	0.021772676	0.57275371
2	2	0.110963309	0.001100759	0.887935933
2	2	0.408678801	0.028124175	0.563197024
2	2	0.027834736	0.001108696	0.971056568
2	2	0.297603248	0.005065036	0.697331716
2	2	0.332057409	0.017789491	0.6501531
2	2	0.008428286	0.002077974	0.98949374
2	2	0.005215671	0.00085331	0.993931019
2	2	0.00920648	0.000394872	0.990398648
2	1	0.029716987	0.703184161	0.267098852
2	0	0.739455091	0.052757901	0.207787007
2	0	0.992659296	0.003670719	0.003669985
2	0	0.989534072	0.00217523	0.008290698
2	2	0.000601245	5.86266E-06	0.999392892
2	0	0.829285136	0.03097759	0.139737274
2	2	0.104270804	0.017689857	0.87803934
2	2	0.004100249	0.000496758	0.995402993
2	2	0.008553841	0.00226207	0.989184088
2	2	0.00905004	0.005430163	0.985519796
2	2	0.01111153	0.002861893	0.986026577
2	2	0.040282781	0.004036283	0.955680936
2	2	0.022624924	0.003432717	0.973942359
2	2	0.031724022	0.002072746	0.966203232
2	2	0.050370905	0.006018354	0.943610741
2	2	0.010178206	0.000669013	0.98915278
2	2	0.024866088	0.011024333	0.964109578
2	2	0.006892332	0.001716195	0.991391473
2	2	0.017031647	0.002752125	0.980216229
2	2	0.03159271	0.003987747	0.964419543
2	2	0.259414959	0.13763826	0.602946782
2	2	0.137879489	0.013951402	0.848169108
2	2	0.007837387	0.001964044	0.990198569
2	0	0.668491635	0.010962977	0.320545388
2	2	0.029643303	0.000996542	0.969360155
2	2	0.0032806	0.000242011	0.996477389
2	0	0.728894287	0.005814348	0.265291365
2	0	0.819730268	0.06217639	0.118093342
2	2	0.240967225	0.007164662	0.751868113
2	0	0.556203175	0.015235583	0.428561242
2	2	0.047940707	0.008966227	0.943093066
2	2	0.025206962	0.452243267	0.522549771
2	0	0.877744116	0.003964006	0.118291878
2	0	0.984175083	0.001261629	0.014563288
2	0	0.671651586	0.015399572	0.312948842
2	2	0.012309429	0.003257844	0.984432727
2	2	0.166259668	0.002307237	0.831433095
2	0	0.687088664	0.075246045	0.237665291
2	2	0.402327486	0.052355992	0.545316521
2	2	0.075060996	0.006200941	0.918738063
2	2	0.145200038	0.00956693	0.845233032
2	2	0.009471289	0.007670371	0.98285834
2	0	0.994785437	0.003879969	0.001334594
2	2	0.025173995	0.033385161	0.941440844
2	2	0.037110462	0.057288443	0.905601095
2	2	0.047280861	0.03599592	0.916723219
2	2	0.029903797	0.011868472	0.958227731
2	2	0.112028731	0.394356516	0.493614754
2	0	0.73484588	0.009183981	0.255970138
2	2	0.1295368	0.05743564	0.813027561
2	2	0.048288084	0.001880213	0.949831704
2	0	0.849430552	0.004677511	0.145891936
2	2	0.042280253	0.002042593	0.955677154
2	2	0.01802277	0.003658071	0.978319159
2	0	0.994434601	0.001982135	0.003583265
2	2	0.035350098	0.004104571	0.960545331
2	2	0.037853932	0.004637312	0.957508756
2	2	0.072744607	0.007916544	0.919338849
2	2	0.003272626	0.001976036	0.994751338
2	2	0.004888915	0.00256811	0.992542975
2	2	0.00449862	0.000374138	0.995127242
2	2	0.059345041	0.01057686	0.930078099
2	2	0.084817093	0.026005215	0.889177692
2	2	0.259393549	0.007899081	0.732707371
2	0	0.845994462	0.00436847	0.149637068
2	2	0.193194119	0.00905571	0.797750171
2	2	0.014265206	0.001441989	0.984292805
2	0	0.507219816	0.03648293	0.456297255
2	2	0.246201971	0.153784492	0.600013538
2	2	0.115935166	0.071552477	0.812512357
2	2	0.016415583	0.008298137	0.97528628
2	2	0.228665126	0.343661995	0.427672879
2	2	0.005394007	0.000356147	0.994249846
2	2	0.021144796	0.031670759	0.947184444
2	2	0.007227972	0.001926603	0.990845424
2	2	0.017680577	0.490030046	0.492289377
2	2	0.002266123	0.000514824	0.997219053
2	0	0.966982586	0.004665899	0.028351516
2	2	0.006536815	0.0009404	0.992522786
2	2	0.047165872	0.004724069	0.948110058
2	2	0.007097674	0.001552812	0.991349514
2	0	0.757897298	0.024787708	0.217314994
2	2	0.002932065	0.000211191	0.996856744
2	2	0.261511787	0.252113493	0.48637472
2	2	0.411111333	0.027640002	0.561248665
2	2	0.03816584	0.060711969	0.901122191
2	0	0.971289142	0.003260642	0.025450215
2	0	0.906778363	0.006838019	0.086383618
2	2	0.023134398	0.381770869	0.595094733
2	2	0.003574237	0.000122561	0.996303203
2	1	0.105270355	0.471789	0.422940645
2	2	0.0241749	0.008132065	0.967693034
2	0	0.810884023	0.009589081	0.179526897
2	2	0.008733572	0.001593566	0.989672862
2	0	0.988720643	0.003286791	0.007992566
2	2	0.240479584	0.013438654	0.746081762
2	2	0.018678821	0.030343743	0.950977436
2	2	0.015164289	0.001507184	0.983328526
2	2	0.015099481	0.001751829	0.98314869
2	2	0.02317355	0.002631388	0.974195062
2	2	0.036436777	0.053350247	0.910212976
2	0	0.93310832	0.004043543	0.062848137
2	0	0.940651304	0.003532029	0.055816667
2	0	0.974577849	0.002095316	0.023326835
2	2	0.021897937	0.003828191	0.974273871
2	2	0.030981668	0.002214431	0.9668039
2	0	0.937190168	0.00952849	0.053281342
2	2	0.00352344	0.000386292	0.996090268
2	2	0.049298409	0.001907497	0.948794094
2	2	0.004381112	0.002050744	0.993568144
2	2	0.298283585	0.017451833	0.684264583
2	2	0.195176028	0.005071831	0.799752142
2	2	0.013676458	0.009431696	0.976891846
2	2	0.201235548	0.011726792	0.787037661
2	2	0.02214923	0.003371989	0.974478781
2	2	0.037984137	0.002845585	0.959170278
2	2	0.003486842	0.000464124	0.996049034
2	2	0.024693145	0.015410139	0.959896715
2	0	0.463947303	0.089493945	0.446558752
2	2	0.021953009	0.005027406	0.973019585
2	2	0.025961428	0.014443029	0.959595543
2	2	0.009397518	0.002046121	0.988556361
2	1	0.04002408	0.71029563	0.249680291
2	2	0.02058637	0.007828174	0.971585456
2	2	0.185368331	0.00713024	0.807501429
2	2	0.097318737	0.006007998	0.896673265
2	2	0.268297169	0.002978725	0.728724106
2	0	0.979247926	0.00228139	0.018470685
2	2	0.07172851	0.006969115	0.921302375
2	2	0.005736619	0.001323619	0.992939762
2	2	0.031149442	0.001272262	0.967578296
2	0	0.570028844	0.010503273	0.419467883
2	0	0.986423941	0.002135255	0.011440804
2	0	0.999496932	0.000182657	0.000320412
2	0	0.624259091	0.034780799	0.34096011
2	0	0.573188265	0.006702725	0.420109009
2	2	0.010379817	0.002133285	0.987486898
2	2	0.043656081	0.001791481	0.954552438
2	2	0.012852688	0.000756202	0.986391111
2	2	0.004404428	0.000428746	0.995166826
2	0	0.641754749	0.298421292	0.059823958
2	2	0.015397364	0.002499514	0.982103122
2	0	0.787782693	0.014760022	0.197457285
2	2	0.005167271	0.000725891	0.994106838
2	2	0.09511729	0.17432315	0.73055956
2	2	0.015015103	0.002920797	0.9820641
2	0	0.887082325	0.00997855	0.102939125
2	2	0.032595227	0.004585347	0.962819425
2	2	0.005734888	0.001327063	0.992938049
2	2	0.002515589	0.000228941	0.99725547
2	2	0.01186248	0.001127249	0.987010271
2	2	0.370193859	0.001060485	0.628745656
2	2	0.034506235	0.015229587	0.950264178
2	2	0.008499531	0.003670071	0.987830398
2	2	0.024786682	0.171127092	0.804086226
2	2	0.005338818	0.000793346	0.993867836
2	2	0.064216231	0.003482519	0.93230125
2	2	0.379515243	0.02896519	0.591519567
2	2	0.041068667	0.004471596	0.954459737
2	2	0.040810215	0.00254475	0.956645035
2	0	0.767868643	0.009633231	0.222498126
2	0	0.821906581	0.011037811	0.167055608
2	0	0.701689131	0.01368076	0.284630109
2	0	0.923590301	0.005275474	0.071134224
2	2	0.007746662	0.001602656	0.990650683
2	2	0.020902378	0.004560184	0.974537438
2	2	0.049860752	0.002537639	0.947601608
2	2	0.014720172	0.002565155	0.982714673
2	2	0.022218447	0.00610509	0.971676463
2	0	0.840171889	0.004970431	0.15485768
2	2	0.005061287	0.000259012	0.994679701
2	2	0.223353422	0.002814136	0.773832442
2	2	0.044292358	0.008789977	0.946917665
2	2	0.066176902	0.015148954	0.918674144
2	0	0.830624385	0.066319083	0.103056532
2	2	0.004875299	0.000881863	0.994242838
2	2	0.010781051	0.000519853	0.988699097
2	2	0.00803329	0.000788671	0.991178039
2	2	0.000466124	9.28004E-05	0.999441076
2	2	0.00661534	0.002209555	0.991175105
2	2	0.003809959	0.000119232	0.996070809
2	2	0.206755958	0.033456268	0.759787774
2	2	0.239536976	0.230075564	0.530387459
2	2	0.008634302	0.001031117	0.990334581
2	2	0.178887409	0.011985009	0.809127582
2	2	0.007015016	0.001748666	0.991236319
2	2	0.31526038	0.206458392	0.478281227
2	0	0.983909678	0.002609958	0.013480364
2	2	0.008960935	0.001761868	0.989277197
2	0	0.902941487	0.004015885	0.093042628
2	2	0.035301507	0.001628934	0.96306956
2	1	0.013935122	0.964406065	0.021658813
2	2	0.153950641	0.028646522	0.817402836
2	2	0.01264947	0.00168677	0.985663761
2	2	0.012442828	0.001075886	0.986481287
2	1	0.236205037	0.622535236	0.141259727
2	0	0.86120199	0.056879163	0.081918846
2	2	0.063552736	0.013409589	0.923037675
2	2	0.009133422	0.001919837	0.98894674
2	2	0.007691953	0.001743814	0.990564233
2	2	0.088755255	0.015744367	0.895500378
2	2	0.086310799	0.070446582	0.843242619
2	0	0.802016097	0.006839596	0.191144307
2	2	0.004959356	0.001300275	0.993740368
2	2	0.006064778	0.000669783	0.993265439
2	2	0.004879906	0.000634084	0.99448601
2	0	0.816159742	0.008555806	0.175284453
2	2	0.008604832	0.007790647	0.983604521
2	2	0.126267095	0.037088223	0.836644682
2	0	0.980227893	0.00232306	0.017449048
2	2	0.226164091	0.31689193	0.45694398
2	2	0.147605364	0.033674546	0.818720089
2	2	0.019749147	0.0019568	0.978294054
2	0	0.944630494	0.005280886	0.05008862
2	0	0.952772146	0.003978782	0.043249072
2	0	0.976166834	0.001991192	0.021841974
2	0	0.948237048	0.001833826	0.049929126
2	2	0.088603701	0.019835507	0.891560792
2	2	0.064676184	0.0014951	0.933828716
2	0	0.735156258	0.006347005	0.258496737
2	2	0.028395754	0.00369374	0.967910505
2	2	0.037763262	0.003672368	0.95856437
2	2	0.229970129	0.039807265	0.730222606
2	2	0.014872626	0.003195113	0.981932262
2	2	0.472416916	0.034655689	0.492927395
2	2	0.040410339	0.002128007	0.957461654
2	0	0.81083813	0.003492328	0.185669543
2	0	0.60664983	0.00684249	0.38650768
2	0	0.878628439	0.008182208	0.113189352
2	0	0.883692211	0.013443676	0.102864113
2	2	0.1793311	0.005794643	0.814874258
2	2	0.007538445	0.001856542	0.990605013
2	2	0.023475175	0.002980358	0.973544466
2	2	0.004586113	0.000224705	0.995189182
2	2	0.032748349	0.002131557	0.965120094
2	2	0.008375416	0.00162873	0.989995854
2	0	0.908309318	0.007035614	0.084655068
2	2	0.025519479	0.005599302	0.968881219
2	0	0.762752521	0.018780773	0.218466706
2	2	0.178223295	0.100056721	0.721719984
2	2	0.006737265	0.004203654	0.989059081
2	2	0.011229947	0.010208126	0.978561927
2	0	0.98863448	0.004684807	0.006680713
2	2	0.008672391	0.058384158	0.93294345
2	2	0.071602213	0.025575273	0.902822514
2	2	0.004356413	0.00033873	0.995304856
2	0	0.740862639	0.025886335	0.233251025
2	0	0.694051004	0.02716272	0.278786276
2	0	0.988549623	0.001893712	0.009556665
2	2	0.029220404	0.095829179	0.874950418
2	2	0.056585926	0.033945636	0.909468438
2	2	0.309173755	0.013059338	0.677766907
2	0	0.850895669	0.026692684	0.122411647
2	0	0.743901305	0.0055362	0.250562495
2	0	0.97109662	0.011580538	0.017322842
2	2	0.273385917	0.006302109	0.720311973
2	0	0.836207005	0.005226157	0.158566838
2	2	0.019578006	0.003011405	0.977410588
2	2	0.028005799	0.364458101	0.6075361
2	0	0.991807103	0.003688163	0.004504733
2	0	0.778782673	0.009228828	0.211988499
2	2	0.035962883	0.000908089	0.963129027
2	2	0.183095889	0.102884808	0.714019303
2	2	0.137853937	0.024249468	0.837896595
2	2	0.012152278	0.000308084	0.987539638
2	0	0.876272659	0.072072842	0.051654499
2	2	0.104852515	0.016086087	0.879061398
2	0	0.798531088	0.009492233	0.191976679
2	0	0.812084386	0.044190254	0.14372536
2	0	0.979059937	0.001794081	0.019145982
2	2	0.006359359	0.002231173	0.991409467
2	2	0.353938148	0.013725044	0.632336808
2	2	0.021023923	0.001121493	0.977854584
2	2	0.269865483	0.045884328	0.684250189
2	0	0.921994523	0.010132411	0.067873066
2	2	0.046957417	0.00353722	0.949505362
2	2	0.204242822	0.007432852	0.788324327
2	2	0.140628698	0.01048686	0.848884442
2	2	0.138684334	0.271564689	0.589750977
2	2	0.393958863	0.029557765	0.576483372
2	2	0.013824584	0.004021072	0.982154344
2	2	0.006921825	0.001914735	0.99116344
2	2	0.088151125	0.01098634	0.900862535
2	2	0.017396716	0.006292016	0.976311268
2	0	0.614182981	0.066273684	0.319543335
2	2	0.047109186	0.003834611	0.949056203
2	2	0.09458076	0.004285144	0.901134096
2	2	0.066119481	0.00091949	0.932961029
2	2	0.021578605	0.068641844	0.909779551
2	2	0.323383739	0.009116078	0.667500183
2	2	0.048055	0.291676755	0.660268245
2	0	0.947883728	0.021931673	0.0301846
2	2	0.024222456	0.009375315	0.966402229
2	2	0.00030404	4.60837E-05	0.999649876
2	2	0.401206005	0.00384539	0.594948605
2	1	0.100563569	0.484680571	0.41475586
2	2	0.018914457	0.006193662	0.97489188
2	2	0.007371363	0.007864057	0.98476458
2	2	0.019580038	0.003201151	0.97721881
2	2	0.019503131	0.005752733	0.974744136
2	2	0.091194263	0.099892238	0.808913499
2	2	0.004651384	0.001022821	0.994325794
2	2	0.005744077	0.001416189	0.992839734
2	2	0.011710468	0.0024603	0.985829232
2	0	0.650390168	0.031730312	0.31787952
2	2	0.017008933	0.003690414	0.979300652
2	2	0.20530693	0.02621957	0.7684735
2	2	0.004213807	0.001259943	0.99452625
2	1	0.030295125	0.901794636	0.067910239
2	2	0.010062441	0.002404663	0.987532896
2	2	0.036030308	0.335580027	0.628389665
2	2	0.022610888	0.020170711	0.957218401
2	2	0.053977346	0.00997682	0.936045833
2	2	0.089747564	0.010606859	0.899645577
2	0	0.980099023	0.003118193	0.016782784
2	2	0.262261805	0.067292128	0.670446067
2	2	0.056439432	0.004229434	0.939331134
2	2	0.1002646	0.013473337	0.886262063
2	2	0.006478932	0.000496216	0.993024852
2	0	0.497608901	0.015463995	0.486927104
2	2	0.004854182	0.001539936	0.993605882
2	2	0.103626636	0.015869427	0.880503938
2	2	0.387312685	0.004834764	0.607852551
2	2	0.0135314	0.001102867	0.985365734
2	0	0.927721011	0.012153668	0.06012532
2	2	0.055040967	0.026885249	0.918073784
2	2	0.0102917	0.003332217	0.986376084
2	2	0.406325393	0.013195215	0.580479392
2	2	0.244055076	0.016578289	0.739366635
2	2	0.063990758	0.015857438	0.920151804
2	0	0.4612024	0.45638511	0.082412489
2	0	0.812612211	0.01759921	0.169788579
2	2	0.014886239	0.00267577	0.982437991
2	2	0.147440587	0.087062416	0.765496997
2	0	0.878362578	0.025655538	0.095981884
2	2	0.011072302	0.001555888	0.98737181
2	2	0.019344701	0.003037754	0.977617545
2	0	0.83179515	0.033997473	0.134207377
2	2	0.137674456	0.005279291	0.857046252
2	0	0.780974865	0.010628541	0.208396594
2	2	0.194631588	0.005291006	0.800077405
2	2	0.060961039	0.027863984	0.911174977
2	2	0.004347929	0.00069503	0.994957041
2	0	0.970041359	0.002945088	0.027013553
2	0	0.79809514	0.011085388	0.190819473
2	2	0.034338287	0.010709819	0.954951894
2	2	0.022485063	0.002696491	0.974818446
2	0	0.599836335	0.006909221	0.393254444
2	0	0.653034462	0.007140836	0.339824702
2	2	0.083342446	0.002449681	0.914207872
2	2	0.006125846	0.002772687	0.991101467
2	2	0.083120989	0.013992161	0.90288685
2	2	0.110804499	0.000577566	0.888617935
2	2	0.075156983	0.02188232	0.902960697
2	2	0.022272276	0.00408672	0.973641005
2	2	0.003115887	0.000219965	0.996664148
2	2	0.00523397	0.001230192	0.993535838
2	2	0.030560505	0.004844328	0.964595167
2	2	0.015376993	0.000675618	0.983947389
2	2	0.01308145	0.001077448	0.985841102
2	2	0.059075132	0.004742716	0.936182151
2	2	0.377463831	0.018233759	0.60430241
2	0	0.858984332	0.022676988	0.11833868
2	0	0.889192504	0.00551799	0.105289506
2	2	0.035579925	0.002932577	0.961487498
2	0	0.936727432	0.004680909	0.058591659
2	0	0.651180392	0.005937491	0.342882116
2	0	0.660648045	0.027658172	0.311693783
2	2	0.022249306	0.201162049	0.776588646
2	2	0.074830643	0.005395836	0.919773521
2	2	0.031414163	0.005195323	0.963390514
2	0	0.979053933	0.003204919	0.017741149
2	2	0.304170777	0.010643925	0.685185298
2	2	0.017791761	0.01051955	0.971688689
2	2	0.075679168	0.027278611	0.897042221
2	2	0.092415859	0.005598499	0.901985641
2	2	0.071521783	0.025406424	0.903071793
2	2	0.063609173	0.003528446	0.932862381
2	0	0.979668615	0.001715517	0.018615869
2	2	0.16986684	0.258375727	0.571757433
2	0	0.80881888	0.010384092	0.180797028
2	0	0.650402502	0.017578761	0.332018737
2	2	0.413089005	0.012374812	0.574536184
2	1	0.230798593	0.664108432	0.105092975
2	2	0.064640691	0.004652683	0.930706625
2	2	0.148129935	0.002334482	0.849535583
2	2	0.025391463	0.195295346	0.779313191
2	2	0.006191758	0.00141541	0.992392832
2	1	0.016712738	0.950864159	0.032423103
2	2	0.017083663	0.002357549	0.980558788
2	0	0.992512843	0.003827608	0.003659549
2	2	0.040906629	0.00906474	0.950028632
2	2	0.015002008	0.008293599	0.976704393
2	2	0.055105801	0.013618852	0.931275347
2	2	0.014683134	0.006446256	0.97887061
2	0	0.834229047	0.007974173	0.15779678
2	2	0.011600924	0.004537992	0.983861084
2	0	0.6099208	0.006774931	0.38330427
2	2	0.152326685	0.050695009	0.796978306
2	2	0.011674751	0.002944174	0.985381075
2	2	0.07515424	0.038468608	0.886377151
2	0	0.98378418	0.002051778	0.014164043
2	0	0.977560555	0.004351237	0.018088208
2	0	0.886819972	0.006552469	0.106627558
2	0	0.880261468	0.011826219	0.107912314
2	2	0.008330847	0.001312541	0.990356612
2	2	0.036439479	0.002292981	0.96126754
2	2	0.007455485	0.000815422	0.991729094
2	0	0.991107602	0.002552117	0.006340281
2	2	0.180890896	0.081735961	0.737373143
2	2	0.059463549	0.003929702	0.936606749
2	2	0.37760701	0.127939052	0.494453938
2	2	0.024851189	0.006302873	0.968845937
2	2	0.005619616	0.001149312	0.993231072
2	2	0.004796138	0.001726698	0.993477163
2	2	0.111624118	0.027683516	0.860692366
2	2	0.06129218	0.005757206	0.932950614
2	2	0.016445261	0.007384161	0.976170578
2	2	0.007895044	0.000687932	0.991417023
2	2	0.315593015	0.007622112	0.676784873
2	2	0.002619734	5.90113E-05	0.997321254
2	2	0.056449528	0.008456598	0.935093875
2	0	0.762017277	0.043631058	0.194351666
2	0	0.728824048	0.016260394	0.254915557
2	2	0.074101161	0.025866047	0.900032792
2	2	0.462763926	0.018696139	0.518539935
2	0	0.567872437	0.011353168	0.420774395
2	2	0.099507443	0.019250412	0.881242146
2	2	0.014718624	0.002670094	0.982611283
2	2	0.018825435	0.003664196	0.977510369
2	2	0.009406789	0.001556332	0.98903688
2	0	0.872970215	0.031043872	0.095985913
2	2	0.00617588	0.001399131	0.992424989
2	0	0.990648925	0.001885815	0.00746526
2	0	0.636351822	0.008032145	0.355616033
2	0	0.710231446	0.028044454	0.2617241
2	2	0.028961836	0.306243014	0.664795151
2	2	0.080605788	0.015266646	0.904127565
2	0	0.990016496	0.001365774	0.008617729
2	2	0.024705967	0.046910652	0.928383381
2	0	0.660276157	0.122493524	0.217230319
2	2	0.125512784	0.027481351	0.847005865
2	2	0.007127972	0.000372219	0.992499809
2	2	0.150364031	0.034170381	0.815465588
2	0	0.79933896	0.014150997	0.186510043
2	2	0.007709001	0.002703071	0.989587928
2	2	0.010210313	0.005226272	0.984563414
2	2	0.071014518	0.007870994	0.921114488
2	2	0.11961078	0.039934594	0.840454626
2	0	0.981368224	0.001289491	0.017342285
2	0	0.991671017	0.001180563	0.00714842
2	2	0.010382768	0.000762424	0.988854808
2	0	0.965688517	0.003141943	0.03116954
2	2	0.03043795	0.012766061	0.956795989
2	2	0.045221942	0.001809015	0.952969043
2	2	0.008867293	0.011214073	0.979918634
2	2	0.010715732	0.001254344	0.988029923
2	2	0.024053394	0.004509905	0.971436701
2	2	0.010539928	0.00285414	0.986605932
2	2	0.026000243	0.00379622	0.970203537
2	2	0.112193566	0.004452767	0.883353667
2	2	0.004546809	0.000470164	0.994983027
2	2	0.033778283	0.00671617	0.959505546
2	2	0.183376124	0.087648927	0.728974949
2	2	0.027195693	0.005649452	0.967154854
2	0	0.988909801	0.002564345	0.008525853
2	2	0.19820676	0.308249873	0.493543366
2	0	0.705383668	0.015914679	0.278701653
2	2	0.008504895	0.000963427	0.990531678
2	2	0.004708913	0.000774109	0.994516978
2	0	0.545236553	0.134091143	0.320672304
2	2	0.003404484	0.000350251	0.996245265
2	2	0.01314248	0.000962665	0.985894856
2	2	0.006646034	0.000364263	0.992989703
2	0	0.885271891	0.00921926	0.105508848
2	0	0.894004472	0.011201086	0.094794442
2	2	0.146235714	0.126332813	0.727431473
2	2	0.023642736	0.001924095	0.974433168
2	2	0.030493846	0.004123181	0.965382973
2	2	0.016385126	0.009261574	0.9743533
2	0	0.987463637	0.006744583	0.00579178
2	2	0.01287542	0.001160348	0.985964232
2	2	0.054813627	0.00183499	0.943351383
2	0	0.950454117	0.002911417	0.046634466
2	0	0.986603869	0.001551572	0.011844559
2	2	0.034352754	0.006655757	0.958991489
2	1	0.039834514	0.779719097	0.180446389
2	2	0.012961538	0.002978996	0.984059466
2	2	0.052132643	0.018883552	0.928983804
2	2	0.029109152	0.018807442	0.952083406
2	2	0.012805941	0.002816822	0.984377237
2	0	0.66451532	0.005331102	0.330153578
2	2	0.004777041	0.001238649	0.993984309
2	2	0.176640965	0.010043435	0.8133156
2	0	0.698278888	0.004309055	0.297412057
2	2	0.154497448	0.007452709	0.838049843
2	0	0.990865728	0.001062452	0.00807182
2	2	0.038086524	0.003997066	0.95791641