0	0	0.997497247	0.000351287	0.002151466
0	0	0.931962257	0.01466542	0.053372323
0	0	0.997304075	6.52099E-05	0.002630715
0	0	0.999777288	3.22619E-05	0.00019045
0	0	0.998392761	0.000452416	0.001154823
0	0	0.976647666	0.002817432	0.020534902
0	0	0.993385832	0.000361432	0.006252736
0	0	0.99862877	0.000113028	0.001258201
0	0	0.998451792	0.000162092	0.001386116
0	0	0.989288446	0.000495239	0.010216315
0	0	0.999778932	4.73227E-05	0.000173745
0	0	0.999305994	0.000171197	0.000522809
0	0	0.952869958	0.001930885	0.045199157
0	0	0.998169009	6.02064E-05	0.001770784
0	0	0.960515938	0.001236853	0.038247208
0	0	0.856544181	0.070598288	0.072857531
0	0	0.947066911	0.001966528	0.050966561
0	0	0.995556901	0.001391389	0.003051711
0	2	0.464461252	0.016967133	0.518571614
0	0	0.860786448	0.005667491	0.133546061
0	0	0.929784821	0.00315079	0.067064389
0	0	0.995959744	0.000146374	0.003893883
0	0	0.750545144	0.001759447	0.247695409
0	0	0.966135573	0.000652662	0.033211765
0	0	0.99911876	4.33987E-05	0.000837841
0	0	0.999350379	5.87717E-05	0.000590849
0	0	0.989882397	0.000362542	0.00975506
0	0	0.954848813	0.001751466	0.043399721
0	0	0.99959274	1.65354E-05	0.000390725
0	0	0.998686621	0.000226466	0.001086912
0	0	0.973980154	0.000501672	0.025518175
0	0	0.996413134	0.00016816	0.003418705
0	0	0.999872577	2.93787E-06	0.000124485
0	2	0.003174382	0.010177843	0.986647774
0	2	0.23502719	0.001252825	0.763719985
0	0	0.990085093	0.001044764	0.008870143
0	0	0.99880325	0.000256624	0.000940125
0	0	0.9916524	0.000763359	0.007584242
0	0	0.939304763	0.003547489	0.057147748
0	0	0.988045746	0.000813287	0.011140967
0	0	0.984316829	0.001123611	0.01455956
0	0	0.992874135	0.00028849	0.006837375
0	0	0.984602352	0.005785402	0.009612245
0	0	0.888447909	0.004096676	0.107455415
0	0	0.997013588	0.000577045	0.002409368
0	0	0.99711038	0.000193102	0.002696518
0	0	0.997150863	0.00015224	0.002696898
0	0	0.999260369	0.000376897	0.000362734
0	0	0.953011412	0.001209524	0.045779064
0	0	0.985114797	0.002005429	0.012879774
0	0	0.999289282	0.000207763	0.000502954
0	0	0.984321005	0.000308465	0.01537053
0	0	0.999228958	6.29751E-05	0.000708067
0	0	0.995570776	0.00026464	0.004164583
0	0	0.995802969	0.000211983	0.003985048
0	0	0.91431194	0.000957884	0.084730176
0	0	0.987234929	0.01121002	0.001555051
0	0	0.991755422	0.000719986	0.007524592
0	0	0.852726147	0.003097324	0.14417653
0	0	0.999243132	0.000102838	0.00065403
0	0	0.96303353	0.000855806	0.036110664
0	0	0.998224131	0.000160154	0.001615715
0	0	0.999043241	0.00013038	0.000826379
0	0	0.999271552	0.000226056	0.000502393
0	0	0.946250703	0.008440213	0.045309084
0	0	0.992435648	0.000701919	0.006862434
0	0	0.975492616	0.013824503	0.010682881
0	0	0.998870335	0.000109846	0.001019819
0	0	0.997935124	0.000156623	0.001908253
0	0	0.758455867	0.0005712	0.240972932
0	0	0.991306116	0.000281344	0.008412539
0	0	0.993987431	0.000209281	0.005803287
0	0	0.958789989	0.00020181	0.041008201
0	0	0.982193045	0.000876944	0.016930011
0	0	0.976319442	0.008230854	0.015449704
0	0	0.999865109	5.73215E-05	7.75696E-05
0	0	0.959747292	0.000793398	0.03945931
0	0	0.625167961	0.328002211	0.046829828
0	0	0.994244324	0.000201873	0.005553803
0	0	0.917083889	0.012388876	0.070527235
0	0	0.842011234	0.000965599	0.157023167
0	0	0.99652059	0.000257836	0.003221573
0	0	0.995047822	0.000135469	0.004816708
0	0	0.99884633	0.00013255	0.001021121
0	0	0.898697718	0.004589388	0.096712894
0	0	0.998852716	9.21081E-05	0.001055176
0	0	0.997473603	0.001982435	0.000543963
0	0	0.999092023	6.56214E-05	0.000842356
0	0	0.995366712	0.000172564	0.004460725
0	0	0.999820575	8.0651E-05	9.87737E-05
0	0	0.981805137	0.000519127	0.017675736
0	0	0.931672515	0.000850851	0.067476634
0	0	0.906683879	0.0043466	0.088969521
0	0	0.999683881	4.42296E-05	0.000271889
0	0	0.942832477	0.043942793	0.013224731
0	0	0.998407203	6.05105E-05	0.001532287
0	0	0.990014332	0.00203688	0.007948788
0	0	0.991469014	0.000338743	0.008192243
0	0	0.99608859	0.000188386	0.003723024
0	0	0.993453484	0.000269547	0.006276969
0	0	0.99708986	0.00016772	0.00274242
0	2	0.495954313	0.003557592	0.500488095
0	0	0.985981082	0.000856875	0.013162043
0	0	0.997740942	0.00021468	0.002044378
0	0	0.983719411	0.001238673	0.015041916
0	0	0.989983045	0.001291995	0.008724959
0	0	0.959656901	0.00112353	0.039219569
0	0	0.995002401	0.003439222	0.001558377
0	0	0.913857269	0.003793065	0.082349666
0	2	0.37268866	0.055709093	0.571602248
0	0	0.976915669	0.001604802	0.021479529
0	0	0.953056786	0.003084453	0.043858761
0	0	0.9963652	0.000175681	0.003459119
0	0	0.877462799	0.001253243	0.121283958
0	0	0.98905238	0.000364637	0.010582983
0	0	0.996726166	0.000322445	0.002951389
0	0	0.981247905	0.002234517	0.016517578
0	0	0.951505277	0.020596996	0.027897727
0	0	0.962495775	0.000146875	0.03735735
0	0	0.982213572	0.002899124	0.014887304
0	0	0.998183192	0.000139086	0.001677722
0	0	0.993424839	7.54457E-05	0.006499715
0	0	0.898023159	0.004199208	0.097777634
0	0	0.993714379	0.000624908	0.005660713
0	0	0.988126287	0.000250427	0.011623286
0	0	0.979232439	0.000959895	0.019807666
0	0	0.979171186	0.000960892	0.019867922
0	0	0.973837484	0.000912054	0.025250462
0	0	0.994215761	0.000197731	0.005586507
0	0	0.990498163	0.00081327	0.008688567
0	0	0.991111377	0.000807532	0.008081091
0	0	0.987075405	0.000332787	0.012591808
0	0	0.996713986	0.000159672	0.003126343
0	0	0.998629424	0.000194735	0.001175841
0	0	0.999052956	0.000294967	0.000652077
0	0	0.999384915	0.000192962	0.000422122
0	0	0.815260575	0.001589005	0.183150421
0	0	0.99319659	0.000494716	0.006308694
0	0	0.993560508	0.000371092	0.0060684
0	0	0.997946784	0.000527292	0.001525924
0	0	0.88427139	0.018771955	0.096956655
0	0	0.999817701	1.25313E-05	0.000169767
0	1	0.074485671	0.923163879	0.00235045
0	0	0.99826806	0.000273712	0.001458228
0	0	0.920804359	0.003050018	0.076145622
0	0	0.845533755	0.001507523	0.152958722
0	0	0.998808401	0.000148743	0.001042856
0	0	0.981530062	0.001173291	0.017296647
0	0	0.999671285	3.08082E-05	0.000297907
0	0	0.994357147	0.000871183	0.00477167
0	0	0.998002797	0.000180804	0.001816399
0	0	0.964290683	0.000690246	0.035019071
0	0	0.922056559	0.000904843	0.077038598
0	0	0.957917156	0.019896847	0.022185996
0	0	0.99718697	0.000190241	0.002622789
0	2	0.198412035	0.006902929	0.794685036
0	0	0.94029005	0.000854267	0.058855683
0	0	0.991827485	0.000314381	0.007858134
0	0	0.999871468	2.13336E-05	0.000107198
0	0	0.99941443	4.68347E-05	0.000538736
0	0	0.996986548	0.000409482	0.00260397
0	0	0.999428086	7.29474E-05	0.000498966
0	0	0.974506182	0.000489942	0.025003876
0	0	0.991087559	0.002358918	0.006553524
0	0	0.997707098	0.000936468	0.001356435
0	0	0.99152471	0.00039002	0.00808527
0	0	0.99861134	0.00061802	0.00077064
0	0	0.990045256	0.002013653	0.007941091
0	0	0.993464038	0.00016852	0.006367442
0	0	0.999391954	4.19846E-05	0.000566061
0	0	0.993819684	0.00025724	0.005923075
0	2	0.293540421	0.001235672	0.705223907
0	0	0.994425425	0.000183391	0.005391184
0	0	0.9972047	0.00018659	0.002608711
0	0	0.998122273	0.001306531	0.000571195
0	0	0.973036428	0.011555038	0.015408534
0	0	0.9988101	4.15053E-05	0.001148394
0	0	0.991086804	0.000978047	0.007935149
0	2	0.148467181	0.002274054	0.849258766
0	0	0.994185649	0.000200573	0.005613778
0	0	0.973554825	0.006424727	0.020020448
0	1	6.2765E-05	0.999687376	0.000249859
0	0	0.98457318	0.012417518	0.003009302
0	0	0.847790431	0.007006466	0.145203103
0	0	0.998878904	0.000293944	0.000827152
0	0	0.541199027	0.00371466	0.455086313
0	0	0.953161276	0.011595118	0.035243606
0	0	0.972217525	0.002864746	0.024917729
0	0	0.831737836	0.011501958	0.156760206
0	0	0.963192543	0.001905136	0.034902321
0	0	0.996667915	0.000161495	0.00317059
0	0	0.998208459	0.000345163	0.001446377
0	0	0.999004044	5.48891E-05	0.000941067
0	0	0.992818587	0.000117156	0.007064258
0	0	0.990852484	0.000253616	0.0088939
0	0	0.84942467	0.06329202	0.08728331
0	0	0.98995302	0.000350553	0.009696427
0	0	0.983550336	0.000656632	0.015793032
0	2	0.354956011	0.271888993	0.373154995
0	0	0.9970347	0.000352074	0.002613226
0	2	0.007589909	0.282229242	0.710180849
0	1	0.460001964	0.486302452	0.053695584
0	0	0.990788247	0.000151465	0.009060287
0	0	0.999331584	0.000137957	0.000530459
0	0	0.998566392	0.000229402	0.001204206
0	0	0.977998079	0.000410248	0.021591672
0	0	0.997869219	0.000130631	0.00200015
0	1	5.19091E-05	0.999682703	0.000265388
0	0	0.951012367	0.005095853	0.04389178
0	0	0.832065848	0.001813959	0.166120193
0	0	0.998187343	0.000406668	0.001405989
0	0	0.908715025	0.002959237	0.088325737
0	0	0.967349654	0.002813024	0.029837322
0	0	0.882296606	0.005329878	0.112373516
0	0	0.984843233	0.000519329	0.014637438
0	0	0.999950269	1.21443E-05	3.75871E-05
0	0	0.998635147	0.000131558	0.001233295
0	0	0.920964856	0.00111988	0.077915264
0	0	0.999575041	0.00010127	0.00032369
0	0	0.905297271	0.00111836	0.093584369
0	0	0.958652039	0.005051212	0.036296749
0	0	0.993754813	0.004441937	0.00180325
0	0	0.97763259	0.000409358	0.021958052
0	0	0.984777269	0.000129966	0.015092765
0	0	0.55415639	0.002144372	0.443699237
0	0	0.984198819	9.07023E-05	0.015710479
0	0	0.999645739	2.00225E-05	0.000334239
0	0	0.999420007	7.29833E-05	0.00050701
0	0	0.996428816	0.000172196	0.003398988
0	0	0.994851732	0.000238662	0.004909606
0	0	0.999916139	4.4742E-06	7.93864E-05
0	0	0.973542913	0.000270642	0.026186445
0	0	0.673359008	0.002953464	0.323687528
0	0	0.92806128	0.001319823	0.070618897
0	0	0.996462189	0.003257341	0.00028047
0	0	0.998802572	8.84301E-05	0.001108998
0	0	0.93723154	0.000979151	0.061789309
0	0	0.993535675	0.001590057	0.004874268
0	2	0.302046521	0.002279557	0.695673922
0	0	0.969236574	0.000846969	0.029916457
0	0	0.999556133	5.71607E-05	0.000386707
0	0	0.507728787	0.052151212	0.440120001
0	0	0.99231866	0.002568043	0.005113296
0	0	0.985420648	0.000396004	0.014183348
0	0	0.95017649	0.00099337	0.04883014
0	0	0.994649215	0.000437268	0.004913518
0	2	0.453331127	0.009010791	0.537658082
0	0	0.999066985	8.89947E-05	0.000844021
0	0	0.995247721	0.000184205	0.004568074
0	0	0.944213929	0.00598917	0.049796901
0	0	0.909169453	0.002407603	0.088422945
0	0	0.834859556	0.003744034	0.16139641
0	0	0.93471427	0.006872589	0.058413141
0	0	0.994679161	0.000181522	0.005139317
0	0	0.999775172	0.00010195	0.000122877
0	0	0.965321475	0.00016811	0.034510416
0	0	0.990979523	0.000379688	0.008640789
0	0	0.804173304	0.005733435	0.190093261
0	2	0.465564399	0.028226195	0.506209407
0	0	0.9974738	0.001982237	0.000543963
0	2	0.072601152	0.00083701	0.926561838
0	0	0.986542774	0.000386087	0.013071139
0	0	0.997422896	0.000670974	0.00190613
0	0	0.99710406	0.000184567	0.002711373
0	0	0.997752838	0.000500326	0.001746835
0	0	0.981249933	0.003244065	0.015506002
0	0	0.983389175	0.00070787	0.015902955
0	0	0.998668819	0.000148099	0.001183082
0	0	0.897684022	0.01146522	0.090850758
0	0	0.987274349	0.000626346	0.012099304
0	0	0.990011989	0.000744544	0.009243467
0	0	0.999935646	1.26853E-05	5.16684E-05
0	0	0.99992661	1.37431E-05	5.96466E-05
0	0	0.999635407	1.49386E-05	0.000349655
0	0	0.96135797	0.001317646	0.037324384
0	0	0.999235657	3.68202E-05	0.000727523
0	0	0.97969671	0.000380923	0.019922366
0	0	0.999342267	6.52322E-05	0.000592501
0	0	0.939618049	0.00095942	0.059422531
0	0	0.83299787	0.002613868	0.164388263
0	0	0.992644558	0.000120136	0.007235306
0	0	0.740346377	0.121658526	0.137995097
0	0	0.998984603	8.78029E-05	0.000927594
0	0	0.971178645	0.00042359	0.028397765
0	0	0.987186717	0.000592241	0.012221042
0	0	0.995565769	0.00033085	0.004103381
0	0	0.767053136	0.0111513	0.221795564
0	0	0.872765875	0.017004318	0.110229806
0	0	0.977517537	0.000498434	0.021984029
0	2	0.018167438	0.048155283	0.933677279
0	0	0.929979598	0.000843802	0.0691766
0	0	0.996554039	0.000121846	0.003324115
0	0	0.990588689	0.000356472	0.00905484
0	0	0.99975107	4.61622E-05	0.000202768
0	0	0.99631112	0.000497161	0.003191719
0	0	0.999160329	0.000224948	0.000614722
0	0	0.985105707	0.000178093	0.0147162
0	0	0.999563913	2.58336E-05	0.000410253
0	0	0.997679772	5.30581E-05	0.00226717
0	0	0.984600626	0.011953643	0.003445731
0	0	0.971377651	0.022565345	0.006057004
0	2	0.426083171	0.08262684	0.49128999
0	0	0.991353879	0.000369196	0.008276925
0	0	0.984008194	0.000646123	0.015345683
0	0	0.984634546	0.00063863	0.014726823
0	0	0.998663935	5.25294E-05	0.001283535
0	0	0.990773394	0.000324518	0.008902088
0	0	0.837124573	0.001396785	0.161478643
0	0	0.876801616	0.021431906	0.101766478
0	0	0.96133702	0.001245983	0.037416996
0	0	0.999948744	1.73477E-05	3.39083E-05
0	0	0.999892898	1.63889E-05	9.07133E-05
0	0	0.72073213	0.003056185	0.276211684
0	0	0.999190351	0.000241604	0.000568045
0	0	0.977062815	0.009658622	0.013278563
0	0	0.996676576	0.000160723	0.003162701
0	0	0.997706964	0.000363731	0.001929305
0	0	0.999680945	4.10911E-05	0.000277964
0	0	0.996292969	0.001144126	0.002562905
0	0	0.98013538	0.000516588	0.019348032
0	0	0.997820386	7.5545E-05	0.002104069
0	0	0.983621695	0.000391857	0.015986448
0	0	0.91182674	0.001247885	0.086925375
0	0	0.980686178	0.000676754	0.018637068
0	0	0.908549134	0.001023317	0.090427549
0	0	0.854988169	0.006481731	0.1385301
0	0	0.997750852	0.002064739	0.00018441
0	0	0.972395223	0.00046332	0.027141457
0	2	0.06275756	0.06795047	0.86929197
0	0	0.986330455	0.000156014	0.013513531
0	0	0.996813022	7.71629E-05	0.003109815
0	0	0.972941599	0.001295795	0.025762606
0	0	0.999356771	6.40758E-05	0.000579153
0	0	0.994827333	0.000306196	0.004866472
0	0	0.999340337	0.000232677	0.000426986
0	0	0.990296175	0.000224586	0.009479239
0	0	0.997790911	0.000138892	0.002070197
0	0	0.998871405	0.000103253	0.001025342
0	0	0.999540559	3.31801E-05	0.000426261
0	0	0.543959018	0.001688219	0.454352764
0	0	0.899529696	0.001157743	0.099312562
0	0	0.980929175	0.002255339	0.016815486
0	0	0.998019644	0.000266968	0.001713388
0	0	0.998580822	0.000628974	0.000790203
0	0	0.998765971	0.000465809	0.00076822
0	0	0.994504274	0.00041759	0.005078137
0	0	0.985905283	0.000370523	0.013724194
0	0	0.991514659	0.000272214	0.008213127
0	0	0.911953269	0.011829409	0.076217321
0	0	0.876980534	0.066798779	0.056220688
0	0	0.985846555	0.001875548	0.012277898
0	0	0.994497758	0.000753699	0.004748543
0	0	0.906206851	0.010633055	0.083160094
0	0	0.973953705	0.000295544	0.02575075
0	0	0.611599762	0.014952494	0.373447744
0	1	0.002508005	0.995144174	0.002347821
0	0	0.970290458	0.000467851	0.029241691
0	0	0.996793307	0.001122371	0.002084322
0	0	0.998226852	0.000313229	0.001459918
0	0	0.971110021	0.008933782	0.019956198
0	0	0.962996795	0.000984078	0.036019126
0	0	0.96086751	0.000563965	0.038568525
0	0	0.998393169	0.000110753	0.001496078
0	0	0.583806886	0.009373347	0.406819767
0	0	0.99942228	8.10959E-05	0.000496624
0	0	0.901844815	0.000363216	0.097791969
0	2	0.476035281	0.00122066	0.522744058
0	0	0.985316546	9.89009E-05	0.014584553
0	0	0.993468883	0.000581644	0.005949474
0	0	0.772943222	0.001807972	0.225248806
0	0	0.847042113	0.089931693	0.063026194
0	0	0.728097964	0.001087124	0.270814912
0	0	0.998765735	1.92936E-05	0.001214971
0	0	0.998658435	0.000158613	0.001182952
0	0	0.969373515	0.002374887	0.028251597
0	0	0.999762053	4.22487E-05	0.000195698
0	0	0.954626378	0.002540142	0.04283348
0	1	0.006607591	0.98350147	0.009890939
0	2	0.003606299	0.000259495	0.996134206
0	0	0.937573975	0.000155035	0.06227099
0	0	0.962839243	0.000625181	0.036535576
0	0	0.997888943	9.25822E-05	0.002018474
0	0	0.951454386	0.000179872	0.048365742
0	0	0.90405798	0.002513795	0.093428225
0	0	0.968822917	0.000574579	0.030602504
0	0	0.994076517	0.000261274	0.005662209
0	0	0.985373952	9.59643E-05	0.014530083
0	0	0.944915763	0.00229033	0.052793907
0	0	0.545562688	0.001199156	0.453238156
0	0	0.464505725	0.072935383	0.462558892
0	0	0.98321385	7.91688E-05	0.016706981
0	0	0.998842961	8.87082E-05	0.001068331
0	0	0.999141244	0.000104183	0.000754573
0	0	0.997536149	0.000346452	0.002117399
0	2	0.239595467	0.000986839	0.759417694
0	0	0.593166788	0.012389826	0.394443386
0	0	0.975542827	0.001975643	0.02248153
0	2	0.246996052	0.036149834	0.716854114
0	0	0.861701739	0.020401516	0.117896745
0	0	0.999882917	2.86454E-05	8.84373E-05
0	0	0.995020697	0.000990212	0.003989092
0	0	0.746993905	0.196420354	0.056585741
0	0	0.999170009	0.000304686	0.000525306
0	0	0.987047328	0.000842837	0.012109836
0	0	0.999431128	0.000235672	0.0003332
0	0	0.977202429	0.005702438	0.017095133
0	0	0.998375616	0.000140104	0.00148428
0	0	0.998443931	0.000108772	0.001447297
0	0	0.995481469	8.48667E-05	0.004433665
0	0	0.998950403	0.000278233	0.000771364
0	0	0.941312349	0.000167274	0.058520377
0	0	0.991980221	2.16858E-05	0.007998093
0	0	0.976821171	0.004166197	0.019012632
0	0	0.488542705	0.02850065	0.482956645
0	0	0.964885308	0.000536982	0.03457771
0	0	0.994631203	0.001118146	0.00425065
0	0	0.980932864	0.000251202	0.018815933
0	0	0.99110348	0.000281399	0.008615121
0	0	0.895224252	0.001482269	0.103293479
0	0	0.927662252	0.003869664	0.068468084
0	0	0.985491865	0.000279722	0.014228413
0	0	0.965679446	0.001200733	0.033119822
0	0	0.961249862	0.00332455	0.035425588
0	0	0.997886122	0.000129631	0.001984246
0	0	0.999076114	4.36536E-05	0.000880233
0	0	0.995622775	0.000135507	0.004241718
0	0	0.98411075	0.000397023	0.015492227
0	0	0.990540737	0.000345816	0.009113447
0	0	0.997158657	6.61791E-05	0.002775164
0	0	0.983572723	0.002096756	0.014330521
0	0	0.999944357	3.99505E-06	5.16482E-05
0	0	0.992300675	0.000336629	0.007362696
0	0	0.942309764	0.000611362	0.057078874
0	0	0.997069803	0.000107703	0.002822494
0	0	0.923250136	0.000539291	0.076210573
0	0	0.9992668	3.36926E-05	0.000699508
0	0	0.873381186	0.001498961	0.125119853
0	0	0.872680577	0.001585294	0.12573413
0	0	0.554782978	0.430340608	0.014876414
0	0	0.933905314	0.00082191	0.065272777
0	0	0.999788336	7.68829E-06	0.000203975
0	0	0.989274098	0.000146896	0.010579006
0	2	0.214150317	0.006251855	0.779597829
0	0	0.987180362	0.000475853	0.012343786
0	0	0.996326232	0.000185607	0.003488161
0	0	0.879905454	0.036955499	0.083139046
0	0	0.999756448	8.00592E-05	0.000163492
0	0	0.990547026	0.00447881	0.004974164
0	0	0.903211311	0.000998857	0.095789832
0	0	0.99933916	0.000268178	0.000392662
0	0	0.964401151	0.002559232	0.033039616
0	0	0.999382616	4.47232E-05	0.00057266
0	0	0.996049096	0.000165712	0.003785192
0	0	0.997536012	0.000983624	0.001480364
0	0	0.998778335	9.40182E-05	0.001127647
0	0	0.998620781	0.000466954	0.000912265
0	0	0.982815007	0.001049507	0.016135485
0	0	0.953978491	0.002124722	0.043896787
0	0	0.941731079	0.001549326	0.056719596
0	0	0.991313113	0.000246481	0.008440406
0	0	0.98467682	0.000295205	0.015027975
0	0	0.639218738	0.002167223	0.358614039
0	0	0.982561489	1.25186E-05	0.017425993
0	0	0.977241565	0.000763024	0.021995412
0	0	0.782812995	0.001787636	0.215399369
0	0	0.770068389	0.128905468	0.101026143
0	0	0.991005602	0.001585215	0.007409183
0	0	0.558490337	0.003151055	0.438358608
0	0	0.987431662	0.005315395	0.007252943
0	0	0.97077888	0.001662959	0.027558161
0	0	0.967949507	0.000764204	0.031286288
0	0	0.989063441	0.000631257	0.010305302
0	0	0.998783191	5.6092E-05	0.001160717
0	0	0.896012113	0.005793021	0.098194866
0	0	0.923305799	0.001365554	0.075328646
0	0	0.985284012	0.001521094	0.013194894
0	0	0.98496663	0.001017255	0.014016115
0	0	0.989710509	0.001199149	0.009090342
0	0	0.977595148	0.000269064	0.022135787
0	0	0.998401662	4.22799E-05	0.001556058
0	0	0.999012769	6.0723E-05	0.000926508
0	0	0.976847861	0.000957941	0.022194198
0	0	0.923692125	0.000834585	0.07547329
0	0	0.993464428	0.00092867	0.005606902
0	0	0.983493247	0.000345594	0.016161159
0	0	0.999205881	3.8062E-05	0.000756057
0	2	0.287187905	0.040692212	0.672119883
0	0	0.98892952	0.000519454	0.010551026
0	0	0.98200336	0.000812365	0.017184275
0	0	0.992485726	0.000696639	0.006817635
0	2	0.258370085	0.000561464	0.74106845
0	0	0.645797517	0.009395079	0.344807404
0	0	0.982718323	0.000187762	0.017093915
0	2	0.137725814	0.005679509	0.856594677
0	0	0.940686762	0.047942875	0.011370363
0	0	0.817832863	0.006611152	0.175555984
0	2	0.261661138	0.138386473	0.599952389
0	0	0.978313682	0.000612522	0.021073796
0	0	0.997147602	0.00018261	0.002669787
0	0	0.928290427	0.001263701	0.070445872
0	0	0.862600464	0.000458338	0.136941198
0	0	0.937301513	0.051085721	0.011612766
0	0	0.932690337	0.045054517	0.022255146
0	0	0.978734511	0.000425777	0.020839713
0	0	0.967449552	0.000871154	0.031679294
0	0	0.998141688	0.000104319	0.001753994
0	0	0.966414194	0.008377022	0.025208784
0	0	0.996622168	7.17241E-05	0.003306108
0	0	0.998696449	5.64134E-05	0.001247137
0	0	0.930145464	0.000242256	0.06961228
0	2	0.488014681	0.000895427	0.511089892
0	0	0.998769215	0.000102133	0.001128652
0	0	0.996854778	0.000488999	0.002656223
0	0	0.73020845	0.002689701	0.267101849
0	0	0.676529739	0.002202023	0.321268238
0	0	0.934794853	0.007696973	0.057508174
0	0	0.996924444	0.00011619	0.002959366
0	0	0.988638015	0.009471888	0.001890097
0	0	0.99796859	0.000262927	0.001768482
0	0	0.997016847	0.000230494	0.00275266
0	0	0.993617329	0.000516207	0.005866464
0	0	0.99871699	0.000260897	0.001022112
0	0	0.990152575	0.000473246	0.009374179
0	0	0.992400881	0.000188403	0.007410717
0	2	0.431933914	0.000945135	0.567120951
0	0	0.966353361	0.000757925	0.032888714
0	0	0.952812193	0.00064289	0.046544918
0	0	0.950424469	0.000747298	0.048828233
0	2	0.454224223	0.003057174	0.542718603
0	0	0.866032637	0.000851141	0.133116222
0	0	0.99779925	0.000170717	0.002030033
0	0	0.967868117	0.001326304	0.03080558
0	0	0.8272793	0.001895234	0.170825465
0	0	0.999402102	4.14842E-05	0.000556414
0	0	0.988332537	0.000338991	0.011328472
0	0	0.974401131	0.000562662	0.025036207
0	0	0.988533059	0.000180274	0.011286667
0	0	0.751046278	0.004122943	0.244830779
0	0	0.639238063	0.039364994	0.321396943
0	0	0.932104545	0.00017116	0.067724295
0	0	0.997132504	6.67557E-05	0.00280074
0	0	0.955912288	0.002886562	0.04120115
0	2	0.240126198	0.015856264	0.744017539
0	0	0.996022384	0.000682406	0.003295209
0	2	0.029596674	0.000339379	0.970063947
0	0	0.988843145	0.00065832	0.010498535
0	0	0.838927626	0.004028622	0.157043752
0	0	0.991612468	0.000243932	0.0081436
0	0	0.997010409	0.00018527	0.00280432
0	2	0.451113651	0.000588146	0.548298203
0	0	0.986235491	0.000625374	0.013139135
0	0	0.99087057	0.00011899	0.00901044
0	0	0.82710698	0.001281375	0.171611645
0	0	0.975409469	0.000487024	0.024103507
0	0	0.995038206	0.000455473	0.004506321
0	0	0.99141434	0.000508562	0.008077097
0	0	0.99805307	0.000462091	0.001484839
0	0	0.983108223	0.00047803	0.016413747
0	0	0.743143082	0.003983611	0.252873307
0	0	0.781634283	0.000432872	0.217932845
0	0	0.994393921	0.000195623	0.005410456
0	0	0.98969748	3.9991E-05	0.010262529
0	0	0.940139939	0.001160706	0.058699355
0	0	0.731627646	0.00227248	0.266099874
0	0	0.998655573	0.000110119	0.001234307
0	0	0.981860834	0.000465962	0.017673204
0	0	0.993086107	0.000141751	0.006772142
0	0	0.837699971	0.00041927	0.161880759
0	0	0.981371928	0.001097409	0.017530663
0	0	0.999281718	5.46742E-05	0.000663608
0	0	0.627741683	0.00258165	0.369676667
0	0	0.984481812	0.000672412	0.014845777
0	0	0.99415217	0.000803876	0.005043954
0	0	0.988197086	0.00043287	0.011370044
0	0	0.973268768	0.000601854	0.026129378
0	0	0.989736855	0.000137826	0.010125319
0	0	0.986819285	0.000204904	0.012975811
0	0	0.990611544	0.000336123	0.009052333
0	0	0.951908069	0.000299443	0.047792488
0	0	0.960726219	0.001895513	0.037378268
0	0	0.999337502	0.000146167	0.000516331
0	0	0.868071079	0.007258503	0.124670418
0	0	0.994392897	0.000274537	0.005332565
0	2	0.014218424	0.007459874	0.978321702
0	0	0.918258796	0.002999001	0.078742203
0	0	0.851298744	0.000367756	0.1483335
0	2	0.001845192	0.000324647	0.997830161
0	0	0.997736722	0.000426727	0.001836551
0	2	0.113926173	0.009386295	0.876687532
0	0	0.884867659	5.1126E-05	0.115081215
0	0	0.996767177	0.000118483	0.00311434
0	0	0.947002133	0.006122077	0.04687579
0	0	0.975261442	0.005030934	0.019707624
0	0	0.991785164	0.000541077	0.007673758
0	0	0.997493143	9.99431E-05	0.002406914
0	2	0.053188783	0.000144085	0.946667132
0	0	0.985757525	0.000476356	0.013766119
0	0	0.942509896	0.000387688	0.057102416
0	0	0.998863935	8.29862E-05	0.001053079
0	0	0.94326899	0.002015267	0.054715744
0	0	0.97788503	0.001422039	0.02069293
0	0	0.993890898	0.000335319	0.005773783
0	2	0.286833888	0.003990447	0.709175665
0	2	0.477930936	0.003607324	0.51846174
0	0	0.974838024	7.4435E-05	0.02508754
0	0	0.982001355	0.0014783	0.016520346
0	0	0.965006286	0.002357106	0.032636608
0	0	0.998178855	0.000311715	0.001509431
0	0	0.990256645	0.000558425	0.00918493
0	0	0.912858283	0.00337124	0.083770477
0	0	0.969589254	3.75515E-06	0.030406991
0	0	0.998840509	0.000326311	0.000833181
0	2	0.298066762	0.004492537	0.697440702
0	0	0.950602993	0.001248193	0.048148814
0	0	0.976966603	0.001002355	0.022031042
0	0	0.991024075	0.000269696	0.00870623
0	0	0.935464687	0.00102239	0.063512923
0	0	0.996962423	0.00011106	0.002926517
0	0	0.998606487	0.000114791	0.001278722
0	0	0.97268034	0.006318965	0.021000694
0	0	0.999851386	9.29579E-06	0.000139318
0	0	0.997310358	0.000164337	0.002525305
0	0	0.978888028	0.000651041	0.020460931
0	0	0.993957447	0.000625812	0.005416741
0	0	0.605127017	0.000523163	0.394349819
0	0	0.851214371	0.001486708	0.147298921
0	0	0.952149448	0.00067282	0.047177732
0	0	0.938458545	0.000762799	0.060778657
0	0	0.994993977	0.000121182	0.004884841
0	0	0.986251251	6.63382E-05	0.013682411
0	0	0.815763432	0.00036741	0.183869157
0	0	0.992720331	0.000220347	0.007059322
0	0	0.991904541	0.00023357	0.007861889
0	0	0.997860262	7.76622E-05	0.002062076
0	0	0.99823868	9.73729E-05	0.001663947
0	2	0.344948459	0.00898984	0.646061701
0	0	0.993608089	0.000879275	0.005512636
0	0	0.92059714	0.00658782	0.07281504
0	0	0.98869253	0.000330676	0.010976794
0	0	0.978059522	5.61556E-05	0.021884323
0	0	0.911245262	0.000563106	0.088191632
0	0	0.997906452	0.000652372	0.001441176
0	0	0.981202826	0.000404008	0.018393166
0	0	0.986913713	0.001226154	0.011860133
0	0	0.978864168	0.002342674	0.018793158
0	0	0.943135865	0.003223315	0.05364082
0	0	0.953110387	0.003746158	0.043143455
0	0	0.997975242	0.000143335	0.001881423
0	0	0.990944991	0.000793072	0.008261937
0	0	0.994870682	0.000498133	0.004631185
0	0	0.998440328	4.18231E-05	0.001517849
0	0	0.914488303	0.004849932	0.080661765
0	0	0.939132504	0.003964012	0.056903485
0	0	0.500012251	0.03975488	0.460232869
0	0	0.998140418	0.000200949	0.001658633
0	0	0.996412353	0.000137692	0.003449955
0	0	0.986292925	0.000542186	0.013164889
0	0	0.971995301	0.002349379	0.02565532
0	0	0.554309603	0.046984764	0.398705633
0	0	0.996755664	0.000203886	0.00304045
0	0	0.999183757	0.000112302	0.000703941
0	0	0.987356569	0.001364559	0.011278872
0	0	0.994397397	0.000580559	0.005022044
0	0	0.949110137	0.000934751	0.049955112
0	0	0.993141467	0.000794512	0.006064021
0	0	0.900540788	0.005054078	0.094405134
0	0	0.999303054	5.30011E-05	0.000643945
0	0	0.904794444	0.001063226	0.09414233
0	0	0.875186037	0.001228061	0.123585902
0	0	0.999534712	1.15842E-05	0.000453704
0	0	0.998396523	6.291E-05	0.001540567
0	0	0.979028056	0.000279671	0.020692272
0	2	0.007809062	0.000328107	0.991862831
0	0	0.998788829	5.58907E-05	0.001155281
0	0	0.97526858	0.000491208	0.024240212
0	0	0.989613203	0.001779468	0.00860733
0	2	0.405357873	0.00449592	0.590146207
0	0	0.775723274	0.002494519	0.221782207
0	0	0.771210612	5.49881E-05	0.2287344
0	0	0.985811233	0.000340434	0.013848333
0	0	0.988561018	0.000110157	0.011328825
0	0	0.729303393	0.190354824	0.080341783
0	0	0.999129864	0.000220157	0.000649979
0	0	0.967406415	0.000880838	0.031712746
0	0	0.998780027	0.000101869	0.001118104
0	0	0.988624144	0.000398724	0.010977132
0	0	0.999514194	2.1137E-05	0.000464669
0	0	0.978919381	0.000822628	0.02025799
0	0	0.849947017	0.03833541	0.111717573
0	0	0.998329729	0.000129962	0.00154031
0	0	0.989930004	0.000409603	0.009660392
0	0	0.978100887	0.002422531	0.019476582
0	0	0.895362183	0.001781986	0.102855831
0	0	0.558026868	0.043194238	0.398778894
0	0	0.999335045	0.000137352	0.000527604
0	0	0.991815116	0.000309541	0.007875343
0	0	0.973883689	0.000580243	0.025536068
0	0	0.991273393	0.000320232	0.008406375
0	0	0.849161459	0.055955087	0.094883454
0	0	0.988923856	0.000200592	0.010875552
0	0	0.99009812	0.000350324	0.009551556
0	0	0.995091654	0.000146979	0.004761367
0	0	0.983434944	0.001013644	0.015551413
0	0	0.945471121	0.006481703	0.048047175
0	0	0.998428787	6.18578E-05	0.001509356
0	0	0.949720628	0.000774659	0.049504712
0	0	0.998765432	7.79272E-05	0.001156641
0	0	0.998821465	5.92657E-05	0.001119269
0	0	0.999101475	0.000103867	0.000794658
0	0	0.810350511	0.001776361	0.187873128
0	0	0.762473917	0.001941903	0.23558418
0	0	0.997544214	0.000179155	0.00227663
0	0	0.999144695	6.45768E-05	0.000790729
0	0	0.997052083	0.000186337	0.00276158
0	0	0.992170279	0.000273322	0.007556399
0	0	0.527303033	0.007446733	0.465250234
0	0	0.965846529	0.002010141	0.03214333
0	0	0.988729884	0.000367299	0.010902817
0	0	0.988792883	0.000360157	0.01084696
0	0	0.99712202	0.000490894	0.002387085
0	0	0.995722804	0.000742352	0.003534843
0	2	0.261298764	0.001128698	0.737572539
0	0	0.992079019	0.000255688	0.007665293
0	2	0.102143147	0.00066006	0.897196793
0	0	0.915184849	0.001024112	0.083791039
0	0	0.988085742	0.000393281	0.011520977
0	0	0.995776955	0.000160851	0.004062194
0	0	0.647377851	0.000270341	0.352351807
0	0	0.997676526	0.0003297	0.001993774
0	0	0.982929144	0.000187353	0.016883504
0	0	0.910731971	0.003816557	0.085451472
0	0	0.999643576	0.000248702	0.000107722
0	0	0.992106974	0.000193715	0.007699312
0	0	0.993241911	0.00108023	0.005677859
0	0	0.811165637	0.004127089	0.184707274
0	0	0.998046911	7.11546E-05	0.001881935
0	0	0.947922729	0.001939583	0.050137688
0	0	0.993083978	0.000468376	0.006447647
0	0	0.987673881	0.000654589	0.01167153
0	0	0.940128582	0.001907735	0.057963683
0	0	0.958050915	0.002350201	0.039598884
0	0	0.696540375	0.002665591	0.300794034
0	0	0.997217581	0.000149564	0.002632855
0	0	0.87184682	0.002363193	0.125789987
0	0	0.994641106	0.000268872	0.005090021
0	0	0.999236526	3.67503E-05	0.000726724
0	0	0.988860502	0.000135559	0.011003939
0	0	0.94942257	0.003303736	0.047273694
0	0	0.522093318	0.009120698	0.468785984
0	0	0.997071063	0.000234411	0.002694525
0	2	0.436275983	0.000106968	0.563617049
0	0	0.990850111	0.003263379	0.00588651
0	0	0.999618069	7.37683E-05	0.000308163
0	0	0.999174987	6.19164E-05	0.000763097
0	0	0.81466021	0.005391217	0.179948573
0	0	0.995475566	0.000634778	0.003889655
0	0	0.995795169	0.002441082	0.001763749
0	2	0.496428254	9.42729E-05	0.503477473
0	0	0.952861973	0.001072262	0.046065765
0	0	0.889184301	0.002624012	0.108191686
0	2	7.4719E-05	0.000700668	0.999224612
1	1	4.99081E-06	0.999888066	0.000106943
1	1	1.48558E-06	0.999991859	6.65523E-06
1	1	1.04714E-05	0.999334391	0.000655137
1	1	6.8887E-06	0.999372266	0.000620846
1	1	4.18693E-05	0.995152941	0.004805189
1	1	4.45345E-07	0.999983726	1.58282E-05
1	1	3.85122E-07	0.999994694	4.92048E-06
1	1	3.27548E-07	0.999968088	3.15849E-05
1	1	0.001038164	0.997501665	0.001460171
1	1	0.000215048	0.999448903	0.00033605
1	1	0.000814236	0.998740241	0.000445524
1	1	2.09978E-05	0.998507533	0.00147147
1	1	0.000164877	0.989346983	0.01048814
1	1	1.86782E-05	0.996353248	0.003628074
1	1	0.000631985	0.998656734	0.00071128
1	1	7.14845E-06	0.999885544	0.000107307
1	1	6.86072E-06	0.999902289	9.08503E-05
1	1	2.06333E-06	0.999912368	8.5569E-05
1	1	0.000404854	0.992644237	0.006950908
1	1	0.00020123	0.998736306	0.001062464
1	1	0.000774605	0.878309094	0.120916301
1	1	2.73294E-05	0.997157259	0.002815412
1	1	1.76612E-05	0.999160725	0.000821614
1	1	2.81092E-05	0.999285329	0.000686561
1	1	1.62886E-05	0.999154426	0.000829286
1	1	5.48949E-05	0.998012699	0.001932406
1	1	4.07448E-05	0.999417113	0.000542142
1	1	4.94237E-05	0.999620068	0.000330508
1	1	7.18931E-06	0.999784466	0.000208345
1	1	4.8358E-05	0.999620207	0.000331435
1	1	4.18042E-06	0.999200606	0.000795214
1	1	1.045E-05	0.999890245	9.93055E-05
1	1	6.36281E-05	0.998944539	0.000991833
1	1	0.00060418	0.896695398	0.102700422
1	1	9.99774E-06	0.999748142	0.00024186
1	1	2.39985E-05	0.99877982	0.001196181
1	1	5.78719E-06	0.999935735	5.84777E-05
1	1	1.45817E-05	0.999655031	0.000330387
1	1	1.05491E-05	0.999634583	0.000354868
1	1	0.000211042	0.997252663	0.002536295
1	1	0.000148664	0.998181484	0.001669852
1	1	2.10156E-05	0.999856612	0.000122372
1	1	3.62913E-05	0.999767304	0.000196405
1	1	1.44026E-06	0.999914391	8.41689E-05
1	1	0.015650917	0.931251602	0.053097481
1	1	9.47285E-05	0.998805546	0.001099725
1	1	2.22401E-05	0.999186998	0.000790762
1	1	4.60827E-05	0.999226837	0.00072708
1	1	7.00664E-06	0.999547154	0.000445839
1	1	5.43657E-05	0.998523615	0.001422019
1	1	3.99186E-05	0.998432499	0.001527583
1	1	5.65231E-05	0.998740505	0.001202972
1	1	6.45777E-06	0.999073533	0.000920009
1	1	1.57926E-05	0.998628826	0.001355382
1	1	2.82899E-05	0.999794009	0.000177701
1	1	5.20151E-07	0.999954159	4.53207E-05
1	1	0.456697862	0.498608908	0.04469323
1	1	1.26166E-05	0.999599653	0.00038773
1	1	2.33587E-05	0.999856896	0.000119745
1	1	4.30928E-06	0.999961104	3.45868E-05
1	1	1.7918E-05	0.999095649	0.000886433
1	1	5.15081E-06	0.999844109	0.00015074
1	1	0.000125942	0.998714812	0.001159245
1	1	0.002612091	0.997099896	0.000288013
1	1	0.000132198	0.952835158	0.047032644
1	1	0.000115974	0.998658692	0.001225334
1	1	3.35861E-05	0.938569654	0.06139676
1	1	1.16658E-05	0.999452319	0.000536015
1	1	2.26489E-05	0.999798615	0.000178736
1	1	0.000199395	0.99947769	0.000322915
1	1	1.14917E-06	0.999932062	6.67893E-05
1	1	1.7474E-06	0.999816957	0.000181295
1	1	0.000106205	0.998462161	0.001431634
1	1	2.09668E-05	0.998929984	0.00104905
1	1	8.01288E-07	0.999954824	4.43745E-05
1	1	1.46081E-05	0.999168441	0.000816951
1	1	2.86806E-05	0.996714781	0.003256538
1	1	3.54662E-05	0.995978385	0.003986149
1	1	1.54434E-06	0.999585725	0.000412731
1	1	1.09557E-05	0.999847692	0.000141353
1	1	1.4351E-05	0.999312126	0.000673523
1	1	3.51024E-06	0.999575257	0.000421233
1	1	2.75671E-05	0.997018112	0.002954321
1	1	3.06348E-05	0.999225369	0.000743996
1	1	7.91022E-06	0.999844777	0.000147312
1	1	0.003029428	0.995827437	0.001143134
1	1	6.90006E-05	0.999304646	0.000626354
1	1	2.06695E-05	0.999747001	0.00023233
1	1	2.76905E-06	0.999893313	0.000103918
1	1	0.000149808	0.998846784	0.001003407
1	1	0.000296758	0.998006924	0.001696318
1	1	7.26867E-06	0.999962086	3.06451E-05
1	1	1.38095E-05	0.99964421	0.000341981
1	1	8.49222E-07	0.999954874	4.4277E-05
1	1	9.93737E-07	0.999906542	9.24638E-05
1	1	4.16321E-05	0.99926089	0.000697478
1	1	0.00061775	0.864739112	0.134643138
1	1	2.2774E-05	0.992935413	0.007041813
1	1	2.65122E-05	0.999293276	0.000680211
1	1	9.33846E-07	0.999946047	5.30193E-05
1	1	7.17461E-08	0.99996767	3.22584E-05
1	1	3.04673E-07	0.999973245	2.64507E-05
1	1	1.33381E-05	0.998813775	0.001172887
1	1	6.50936E-07	0.999945291	5.40579E-05
1	1	9.8054E-07	0.999937235	6.17842E-05
1	1	0.001652558	0.887603064	0.110744378
1	1	9.75436E-07	0.999918398	8.06266E-05
1	1	5.99994E-07	0.999953002	4.63983E-05
1	1	3.6458E-08	0.999994772	5.19193E-06
1	1	4.56521E-09	0.99999828	1.71551E-06
1	1	3.65018E-05	0.998551359	0.001412139
1	1	6.47348E-06	0.616869801	0.383123726
1	1	4.39368E-06	0.997958335	0.002037272
1	1	0.00116707	0.866529711	0.132303218
1	1	1.70996E-06	0.999957352	4.09384E-05
1	1	0.000400443	0.965952856	0.033646702
1	1	9.0921E-06	0.998995348	0.00099556
1	1	0.000866052	0.893181555	0.105952393
1	1	3.61657E-05	0.997702049	0.002261786
1	1	3.82982E-05	0.991529577	0.008432125
1	2	0.000625099	0.131059909	0.868314992
1	1	0.117772176	0.564450135	0.317777689
1	1	2.6865E-06	0.999928676	6.86375E-05
1	1	2.00441E-05	0.999625056	0.0003549
1	1	4.32995E-07	0.999960757	3.88097E-05
1	1	1.69646E-05	0.999719621	0.000263415
1	1	6.93537E-07	0.999938673	6.06336E-05
1	1	2.74704E-05	0.99929989	0.00067264
1	2	0.164114418	0.225577517	0.610308065
1	1	0.00042088	0.941894354	0.057684766
1	1	5.46784E-05	0.99417451	0.005770812
1	1	2.53761E-05	0.999397298	0.000577326
1	1	2.96568E-05	0.99958017	0.000390173
1	1	4.91079E-06	0.99992475	7.03396E-05
1	1	1.93863E-05	0.999554262	0.000426352
1	1	2.0017E-05	0.998969605	0.001010378
1	1	1.12433E-05	0.999564442	0.000424314
1	1	3.1786E-07	0.999943872	5.58101E-05
1	1	7.18272E-06	0.999167822	0.000824996
1	1	5.30237E-07	0.999958363	4.11066E-05
1	1	0.00031928	0.524587201	0.47509352
1	1	0.009830074	0.768043558	0.222126368
1	1	1.93254E-06	0.999923781	7.42869E-05
1	1	5.89707E-07	0.999959955	3.94554E-05
1	1	2.75595E-06	0.999851251	0.000145993
1	1	2.33229E-06	0.999042628	0.00095504
1	1	1.9406E-06	0.995000035	0.004998025
1	1	2.87547E-05	0.998793093	0.001178153
1	1	1.05462E-05	0.998058504	0.00193095
1	1	3.20902E-05	0.996245788	0.003722122
1	1	7.66395E-06	0.99971732	0.000275016
1	1	2.41374E-08	0.999998186	1.79035E-06
1	1	7.91656E-08	0.999975776	2.41452E-05
1	1	2.27108E-07	0.999960298	3.94751E-05
1	1	2.71549E-07	0.99997594	2.37881E-05
1	1	1.63147E-07	0.99998633	1.35068E-05
1	1	9.94288E-08	0.999975617	2.42832E-05
1	1	2.29278E-05	0.997841586	0.002135487
1	1	1.03086E-07	0.999995966	3.93066E-06
1	1	8.09707E-07	0.99990656	9.26304E-05
1	1	9.79981E-09	0.999997624	2.36625E-06
1	1	0.025172291	0.970531454	0.004296255
1	1	7.77377E-06	0.999845326	0.000146901
1	1	1.32293E-06	0.999934846	6.38314E-05
1	1	4.25834E-06	0.999669095	0.000326647
1	1	3.48292E-08	0.999990801	9.16417E-06
1	1	2.28276E-07	0.999990029	9.74253E-06
1	1	0.000590513	0.981651483	0.017758004
1	1	2.00548E-06	0.99987173	0.000126265
1	1	5.58669E-07	0.999990793	8.64863E-06
1	2	0.322375518	0.153349107	0.524275375
1	2	0.000501281	0.38548855	0.614010169
1	1	4.39643E-06	0.999882195	0.000113408
1	1	1.34239E-05	0.999724369	0.000262207
1	2	0.002663291	0.01860002	0.978736689
1	1	2.22788E-07	0.999952583	4.71938E-05
1	1	6.00537E-07	0.999958957	4.0442E-05
1	1	1.87751E-05	0.996924101	0.003057124
1	1	3.47936E-07	0.999953114	4.65377E-05
1	1	8.92309E-09	0.99997663	2.33614E-05
1	1	3.62136E-06	0.999939242	5.71369E-05
1	1	6.541E-07	0.999995117	4.22875E-06
1	1	1.20478E-05	0.999371438	0.000616514
1	1	2.79178E-06	0.999767691	0.000229517
1	1	9.23344E-07	0.999936352	6.27242E-05
1	1	3.65963E-07	0.999965667	3.39666E-05
1	1	4.58958E-07	0.999993628	5.91271E-06
1	1	9.30326E-06	0.996261809	0.003728888
1	1	2.12608E-07	0.999983285	1.65022E-05
1	1	0.000396013	0.985444389	0.014159598
1	1	0.001786515	0.942246239	0.055967247
1	1	1.85659E-06	0.999930236	6.79071E-05
1	1	1.05263E-07	0.999995664	4.23086E-06
1	1	2.36801E-05	0.999525424	0.000450896
1	1	7.62684E-08	0.999993277	6.64659E-06
1	1	2.15825E-06	0.999985566	1.22754E-05
1	1	0.000300041	0.961950796	0.037749163
1	1	2.82271E-05	0.999271982	0.000699791
1	1	4.60746E-06	0.999966765	2.86278E-05
1	1	5.27623E-07	0.999816776	0.000182697
1	1	9.13916E-07	0.999973089	2.59971E-05
1	1	0.005805151	0.712831868	0.281362981
1	1	0.000174725	0.970449813	0.029375462
1	1	2.64673E-05	0.998601277	0.001372255
1	1	2.80961E-07	0.999950476	4.92427E-05
1	1	2.17609E-05	0.995116192	0.004862047
1	1	1.0973E-06	0.999937758	6.1145E-05
1	1	4.05903E-06	0.99973449	0.000261451
1	1	0.000324036	0.975742008	0.023933956
1	1	1.95124E-07	0.998069991	0.001929814
1	1	5.53755E-05	0.999226146	0.000718479
1	1	4.05625E-07	0.999962522	3.70724E-05
1	1	0.000348331	0.998444354	0.001207314
1	1	3.64284E-06	0.999854366	0.000141991
1	1	0.000485188	0.997727915	0.001786897
1	1	0.000139994	0.996194953	0.003665054
1	1	3.31953E-05	0.998398567	0.001568238
1	1	2.41222E-06	0.999938504	5.90833E-05
1	1	6.72823E-06	0.999600899	0.000392372
1	1	0.000221336	0.991803557	0.007975107
1	1	5.98941E-06	0.999282498	0.000711512
1	1	0.000438252	0.983520893	0.016040855
1	1	8.11363E-06	0.999534401	0.000457485
1	1	5.7037E-05	0.997990788	0.001952175
1	1	9.3051E-08	0.999981777	1.81304E-05
1	1	1.41227E-05	0.999271735	0.000714142
1	1	4.90193E-07	0.999933728	6.57819E-05
1	1	5.53848E-07	0.999924112	7.53342E-05
1	1	0.000549381	0.996487813	0.002962806
1	1	0.000106471	0.998763303	0.001130226
1	1	5.64176E-05	0.99867141	0.001272172
1	1	1.20788E-05	0.996646167	0.003341754
1	1	2.85097E-05	0.998835857	0.001135633
1	1	9.30856E-05	0.996813536	0.003093378
1	1	0.000207812	0.980907005	0.018885183
1	1	2.2272E-05	0.998920368	0.00105736
1	1	1.77263E-05	0.999840313	0.000141961
1	1	5.53834E-06	0.999684207	0.000310255
1	1	2.15945E-07	0.99995647	4.33136E-05
1	1	8.00195E-05	0.978787431	0.02113255
1	1	3.40391E-05	0.998701614	0.001264347
1	1	4.30975E-08	0.999898998	0.000100959
1	1	7.09247E-05	0.999008298	0.000920777
1	2	0.000177197	0.159398437	0.840424366
1	1	0.044229612	0.672360413	0.283409975
1	0	0.374004823	0.372772641	0.253222536
1	1	0.031621414	0.578266328	0.390112258
1	1	0.00013852	0.999400935	0.000460545
1	1	5.51014E-06	0.999879529	0.000114961
1	1	2.51717E-05	0.999608943	0.000365885
1	1	3.90785E-05	0.992987416	0.006973505
1	1	6.98529E-06	0.999696704	0.00029631
1	1	3.35106E-05	0.999750493	0.000215996
1	1	2.8769E-05	0.999187162	0.000784069
1	1	8.57994E-06	0.999816797	0.000174623
1	1	1.21076E-05	0.998627488	0.001360404
1	1	1.69805E-05	0.999757486	0.000225533
1	1	3.57227E-06	0.999891171	0.000105257
1	1	1.83536E-06	0.999928643	6.95217E-05
1	1	4.66889E-05	0.999095567	0.000857744
1	1	7.16138E-06	0.999892244	0.000100595
1	1	6.19252E-05	0.999616951	0.000321124
1	1	5.51807E-06	0.999917642	7.68402E-05
1	1	8.84411E-07	0.999956404	4.27114E-05
1	1	1.19262E-06	0.999941067	5.77401E-05
1	1	0.006262951	0.988660908	0.005076141
1	1	0.000200546	0.998035797	0.001763656
1	1	6.46789E-06	0.999738842	0.000254691
1	1	3.66113E-05	0.999246546	0.000716843
1	1	6.5164E-06	0.99971083	0.000282653
1	1	1.51871E-05	0.999636345	0.000348468
1	1	4.2178E-05	0.999588452	0.00036937
1	1	2.2381E-07	0.999832835	0.000166941
1	1	2.66448E-05	0.997887164	0.002086192
1	1	0.000194569	0.999675904	0.000129527
1	1	0.00044548	0.998941773	0.000612747
1	1	6.22916E-05	0.999315593	0.000622116
1	1	0.000464708	0.998199329	0.001335964
1	1	2.16248E-05	0.999630571	0.000347805
1	1	7.05115E-06	0.999580674	0.000412275
1	1	5.48754E-06	0.999869116	0.000125396
1	1	2.39526E-07	0.999996322	3.43806E-06
1	1	2.31841E-06	0.999770992	0.00022669
1	1	1.27502E-06	0.999953513	4.52121E-05
1	1	8.74977E-07	0.999932035	6.70905E-05
1	1	1.51911E-05	0.999899241	8.55679E-05
1	1	1.15263E-05	0.999917839	7.06352E-05
1	1	9.56302E-07	0.999907683	9.1361E-05
1	1	1.46045E-07	0.999947099	5.2755E-05
1	1	2.87467E-06	0.999926546	7.05793E-05
1	1	1.77177E-05	0.999754027	0.000228255
1	1	1.8737E-05	0.999689425	0.000291838
1	1	2.58594E-06	0.999879849	0.000117565
1	1	0.000585092	0.998160186	0.001254722
1	1	1.0018E-06	0.999985069	1.39293E-05
1	1	8.16595E-08	0.999992185	7.73382E-06
1	1	1.41014E-05	0.99926343	0.000722468
1	1	1.6812E-06	0.999900069	9.82495E-05
1	1	6.01547E-05	0.99940908	0.000530765
1	1	4.74006E-07	0.999953382	4.61439E-05
1	1	1.48846E-06	0.999930257	6.82543E-05
1	1	1.21201E-06	0.999966029	3.2759E-05
1	1	0.00050392	0.997909054	0.001587027
1	1	0.000245627	0.987283975	0.012470398
1	1	0.000319675	0.976964755	0.02271557
1	1	6.58479E-05	0.999237805	0.000696347
1	1	2.47571E-05	0.999801094	0.000174149
1	1	4.10176E-05	0.999390823	0.000568159
1	1	1.17685E-05	0.999613907	0.000374325
1	1	4.75199E-05	0.999738272	0.000214208
1	1	2.06968E-05	0.999866744	0.000112559
1	1	6.53596E-05	0.997097353	0.002837287
1	1	5.3288E-05	0.982259263	0.017687449
1	1	9.93724E-05	0.999463828	0.000436799
1	1	0.373835669	0.553807034	0.072357298
1	1	4.86988E-07	0.999972978	2.65355E-05
1	1	2.30294E-05	0.999859854	0.000117117
1	1	2.8082E-06	0.999931758	6.5434E-05
1	1	1.31041E-06	0.999931987	6.67025E-05
1	1	5.62033E-06	0.999879442	0.000114938
1	1	6.35003E-05	0.999134391	0.000802109
1	1	1.48153E-05	0.999646978	0.000338207
1	1	0.000353162	0.99911697	0.000529868
1	1	7.73033E-06	0.999541367	0.000450903
1	1	0.008601063	0.967181186	0.02421775
1	1	0.000105209	0.968062024	0.031832767
1	1	2.56821E-06	0.999800549	0.000196883
1	1	3.50808E-06	0.999959667	3.68248E-05
1	1	9.13718E-07	0.999956062	4.30244E-05
1	1	1.8002E-05	0.999772632	0.000209366
1	1	0.000107144	0.988229927	0.011662929
1	1	2.50733E-05	0.994808145	0.005166781
1	1	1.14474E-06	0.999864998	0.000133857
1	1	0.035998019	0.803971565	0.160030417
1	1	5.87533E-05	0.997640364	0.002300883
1	1	1.19669E-06	0.999952	4.68037E-05
1	1	4.78594E-05	0.999456145	0.000495995
1	1	2.75617E-05	0.999817329	0.000155109
1	1	9.16079E-06	0.999921651	6.91883E-05
1	1	2.83715E-05	0.999774376	0.000197253
1	1	2.49365E-05	0.999723616	0.000251447
1	1	2.63553E-06	0.999873451	0.000123914
1	1	2.19032E-05	0.999720001	0.000258096
1	1	1.81906E-05	0.999693365	0.000288445
1	1	0.002964369	0.990751899	0.006283732
1	1	0.008291324	0.735469922	0.256238754
1	1	5.11147E-06	0.999976314	1.85744E-05
1	1	1.01351E-05	0.998293738	0.001696127
1	0	0.63540614	0.185149644	0.179444216
1	1	2.73904E-07	0.999812948	0.000186779
1	1	9.6141E-05	0.998606072	0.001297787
1	1	3.11361E-07	0.999985916	1.37728E-05
1	1	0.002439673	0.966483446	0.031076881
1	1	6.14756E-05	0.998830714	0.00110781
1	1	4.72276E-06	0.999083866	0.000911411
1	1	4.88495E-07	0.999963474	3.6038E-05
1	1	4.63975E-05	0.999135453	0.00081815
1	1	0.000109823	0.961418963	0.038471214
1	1	1.36909E-05	0.995627178	0.004359132
1	1	0.002128724	0.982915123	0.014956153
1	1	2.12542E-05	0.996151294	0.003827451
1	1	2.69596E-05	0.996735914	0.003237126
1	1	0.032161149	0.537247648	0.430591204
1	1	4.9013E-07	0.999904573	9.49372E-05
1	1	0.000100251	0.988929109	0.01097064
1	1	6.93549E-06	0.99964162	0.000351445
1	1	0.000386785	0.965662353	0.033950862
1	1	6.92592E-05	0.996849907	0.003080834
1	1	2.65193E-05	0.998562455	0.001411025
1	1	1.20244E-06	0.999942932	5.58659E-05
1	1	1.25189E-06	0.999943697	5.50507E-05
1	1	0.000242054	0.985554223	0.014203723
1	1	9.15829E-07	0.999964219	3.48647E-05
1	1	1.5906E-05	0.999184987	0.000799107
1	1	0.005679184	0.971467241	0.022853575
1	1	0.024489553	0.971796681	0.003713767
1	1	4.26173E-06	0.999665149	0.000330589
1	1	1.27698E-05	0.999469383	0.000517847
1	1	0.000360855	0.995078692	0.004560452
1	1	3.84542E-06	0.999673144	0.00032301
1	1	3.01169E-05	0.996283918	0.003685965
1	1	0.000141929	0.954008205	0.045849866
1	1	0.000203584	0.913901645	0.085894771
1	1	3.32091E-06	0.999229408	0.000767271
1	1	0.001047299	0.881314425	0.117638276
1	1	0.000700282	0.836417426	0.162882292
1	1	3.95242E-05	0.995413519	0.004546957
1	1	0.000199535	0.968099876	0.031700589
1	1	3.98167E-05	0.996680554	0.003279629
1	1	0.000161701	0.807377679	0.19246062
1	1	0.000373047	0.903386439	0.096240514
1	2	0.000110402	0.136234009	0.863655588
1	1	0.000201885	0.915290512	0.084507604
1	1	0.000589519	0.930248471	0.06916201
1	2	0.000546141	0.111143404	0.888310455
1	1	3.30717E-05	0.967408986	0.032557943
1	1	0.001164782	0.964812326	0.034022892
1	1	0.000620263	0.918909482	0.080470256
1	2	0.000148253	0.029199973	0.970651774
1	1	4.3967E-06	0.999742739	0.000252864
1	2	9.13208E-05	0.164748977	0.835159702
1	1	0.000788058	0.9324511	0.066760842
1	1	0.000106041	0.978354805	0.021539154
1	2	0.005913741	0.418793766	0.575292493
1	2	0.000218915	0.022740071	0.977041013
1	1	1.95244E-05	0.973708265	0.02627221
1	1	7.26918E-05	0.895491489	0.10443582
1	1	4.85304E-05	0.978710416	0.021241054
1	1	2.19419E-05	0.930428133	0.069549925
1	1	1.33462E-05	0.989774514	0.010212139
1	1	0.000460868	0.618784049	0.380755083
1	1	0.000729485	0.971638265	0.02763225
1	1	5.30648E-05	0.957913818	0.042033117
1	1	6.93403E-05	0.985916452	0.014014207
1	1	0.000157911	0.888625862	0.111216227
1	1	6.96682E-06	0.999149365	0.000843668
1	1	8.12018E-06	0.957185088	0.042806792
1	1	5.15728E-05	0.998583995	0.001364432
1	1	5.37487E-05	0.992834391	0.00711186
1	1	4.29612E-05	0.91428376	0.085673279
1	1	0.003196596	0.870777608	0.126025796
1	1	0.011633515	0.740177587	0.248188898
1	2	0.000233483	0.001966691	0.997799826
1	2	0.001590713	0.394525022	0.603884265
1	2	0.001467673	0.004292966	0.994239361
1	1	0.000573335	0.994474551	0.004952114
1	2	0.000201656	0.061744642	0.938053702
1	1	1.20371E-05	0.99112272	0.008865243
1	2	0.000444274	0.006499901	0.993055825
1	2	0.002819981	0.365596482	0.631583537
1	1	7.72407E-05	0.994033262	0.005889497
1	2	0.00086835	0.034217564	0.964914087
1	1	2.7619E-05	0.99789616	0.002076221
1	2	0.000505253	0.153761669	0.845733078
1	2	0.000539234	0.331389596	0.66807117
1	2	8.47575E-05	0.041923204	0.957992038
1	1	0.002908626	0.594476325	0.402615049
1	1	6.80432E-06	0.995457843	0.004535352
1	1	0.001535467	0.988545703	0.009918829
1	1	0.000594789	0.963673018	0.035732193
1	1	7.36877E-06	0.999440298	0.000552333
1	1	4.3847E-05	0.999495334	0.000460819
1	1	4.031E-05	0.998291323	0.001668367
1	1	0.000112636	0.863512391	0.136374973
1	1	5.91692E-06	0.99611282	0.003881263
1	1	0.000583297	0.956940613	0.04247609
1	1	2.41489E-05	0.97602069	0.023955161
1	1	3.32691E-06	0.999432228	0.000564445
1	1	6.97245E-06	0.999256191	0.000736837
1	1	0.000362767	0.776428985	0.223208248
1	1	0.00057502	0.919150639	0.080274341
1	1	6.8005E-05	0.992399504	0.007532491
1	1	1.62263E-05	0.999223458	0.000760316
1	1	0.00501001	0.761079625	0.233910365
1	2	0.043121207	0.156556179	0.800322615
1	1	4.43541E-05	0.958960649	0.040994997
1	1	0.000190759	0.991831517	0.007977725
1	1	2.11924E-05	0.822120534	0.177858274
1	2	0.063900955	0.014201311	0.921897734
1	1	0.003514617	0.930321779	0.066163604
1	1	5.10327E-06	0.998271796	0.001723101
1	1	0.000280245	0.991391867	0.008327888
1	1	5.10552E-05	0.991135737	0.008813208
1	1	1.04182E-05	0.992371705	0.007617877
1	1	8.1961E-05	0.997435981	0.002482058
1	1	8.43238E-07	0.997886093	0.002113064
1	1	0.00057181	0.996801167	0.002627023
1	1	0.000753293	0.79895023	0.200296477
1	1	3.85875E-06	0.999733223	0.000262918
1	1	6.19434E-05	0.938859214	0.061078843
1	1	4.73728E-05	0.987910726	0.012041901
1	1	0.000542851	0.88889487	0.110562279
1	1	3.50637E-05	0.996561414	0.003403522
1	1	0.001503671	0.955953583	0.042542746
1	1	0.000881452	0.659060723	0.340057824
1	1	5.98291E-05	0.998783162	0.001157008
1	1	6.28432E-06	0.98802013	0.011973586
1	2	0.013777723	0.386508181	0.599714096
1	1	2.97092E-05	0.998846283	0.001124008
1	1	0.01148174	0.562425109	0.426093151
1	2	0.00574043	0.070423999	0.923835571
1	1	0.000787613	0.925331644	0.073880743
1	1	0.000436461	0.90645707	0.093106469
1	2	0.00010733	0.133747365	0.866145305
1	2	0.001204362	0.078081245	0.920714393
1	1	1.20328E-06	0.991969536	0.00802926
1	2	0.000172824	0.1439575	0.855869676
1	1	2.60904E-05	0.592892521	0.407081388
1	2	0.000931337	0.236977678	0.762090985
1	1	6.45186E-05	0.506841864	0.493093617
1	1	0.000680838	0.994031013	0.00528815
1	1	2.26102E-06	0.999407565	0.000590174
1	1	2.9045E-05	0.998936896	0.001034059
1	1	1.45132E-05	0.999251008	0.000734479
1	1	2.07367E-05	0.949515676	0.050463588
1	2	0.000254828	0.088299302	0.91144587
1	1	1.03749E-05	0.998476268	0.001513357
1	1	1.76657E-05	0.991946035	0.008036299
1	1	0.000713161	0.996004188	0.003282651
1	1	0.000639339	0.750079915	0.249280746
1	1	1.23194E-06	0.999977781	2.09867E-05
1	1	0.000787916	0.998282542	0.000929542
1	0	0.919410119	0.078998771	0.001591111
1	1	2.93755E-06	0.999864497	0.000132565
1	1	0.000243522	0.791358256	0.208398222
1	1	0.000316933	0.99907942	0.000603647
1	1	4.41308E-05	0.998348013	0.001607857
1	2	0.000466758	0.010571437	0.988961805
1	1	0.00031903	0.990519292	0.009161678
1	1	4.0851E-05	0.992747652	0.007211497
1	1	1.38482E-05	0.998549086	0.001437066
1	1	3.33277E-06	0.999393313	0.000603354
1	1	3.24645E-05	0.998738177	0.001229359
1	1	2.05834E-05	0.993296004	0.006683412
1	1	6.05399E-05	0.986779919	0.013159541
1	1	2.73396E-07	0.999955912	4.38146E-05
1	1	4.27531E-05	0.998134057	0.00182319
1	1	1.59799E-05	0.999718118	0.000265902
1	1	0.000307663	0.990935373	0.008756964
1	1	1.35898E-05	0.999312819	0.000673591
1	1	4.33453E-05	0.970628619	0.029328036
1	1	3.96199E-05	0.999220395	0.000739986
1	1	2.42318E-05	0.997158101	0.002817667
1	1	2.96011E-05	0.995014112	0.004956287
1	1	0.002227031	0.619101444	0.378671526
1	2	8.97705E-05	0.004154955	0.995755275
1	1	2.12229E-05	0.998870922	0.001107855
1	1	0.00011911	0.998338255	0.001542635
1	1	0.007259702	0.973929355	0.018810943
1	1	0.001252862	0.896618748	0.102128389
1	1	3.34147E-05	0.998787496	0.001179089
1	1	0.001056439	0.971561061	0.0273825
1	1	1.92707E-05	0.99877362	0.001207109
1	1	7.89276E-06	0.999335526	0.000656581
1	1	3.55243E-07	0.999934965	6.46796E-05
1	1	1.2572E-06	0.999678561	0.000320182
1	1	9.20972E-05	0.981212291	0.018695612
1	1	2.47948E-07	0.999952667	4.70854E-05
1	2	0.002553335	0.498000184	0.499446481
1	1	6.25647E-06	0.998905505	0.001088238
1	1	0.000125926	0.997686618	0.002187456
1	1	1.32118E-05	0.999399327	0.000587461
1	1	1.84784E-05	0.998991426	0.000990096
1	1	2.02608E-06	0.999393593	0.000604381
1	1	0.004051375	0.874066279	0.121882347
1	1	0.000617162	0.991359319	0.008023519
1	1	0.000975741	0.997788801	0.001235458
1	1	0.152714451	0.76952223	0.077763319
1	2	0.002133763	0.049456177	0.94841006
1	2	0.003729763	0.079419555	0.916850682
1	1	3.12678E-05	0.998879542	0.00108919
1	1	0.001056685	0.742287369	0.256655946
1	1	4.47577E-05	0.963630192	0.036325051
1	1	1.95286E-06	0.960103445	0.039894602
1	1	2.47057E-05	0.990865241	0.009110053
1	1	9.43963E-05	0.922462271	0.077443333
1	2	8.99903E-05	0.322384996	0.677525013
1	1	0.000141483	0.996376106	0.003482411
1	1	4.41591E-05	0.989445655	0.010510186
1	1	7.8343E-05	0.990927801	0.008993856
1	1	0.00013329	0.868502869	0.131363841
1	1	0.000135328	0.995401116	0.004463556
1	1	0.00092944	0.773501282	0.225569277
1	1	0.001178948	0.963547897	0.035273155
1	1	0.004073368	0.853094464	0.142832167
1	1	0.000409213	0.917708717	0.08188207
1	2	0.006190362	0.025846974	0.967962665
1	2	0.000109577	0.314716602	0.685173821
1	1	3.5729E-05	0.985754815	0.014209456
1	2	0.007176774	0.082727327	0.910095899
1	2	0.000245568	0.039287996	0.960466436
1	1	4.45325E-05	0.945359229	0.054596239
1	2	0.000107616	0.050129629	0.949762756
1	2	0.002426395	0.203793378	0.793780226
1	1	1.18456E-06	0.999858545	0.00014027
1	1	1.21776E-06	0.999603731	0.000395051
1	1	0.010089256	0.782090998	0.207819746
1	2	0.087285356	0.061484352	0.851230292
1	1	0.000290743	0.785942814	0.213766444
1	1	0.000592342	0.968867933	0.030539725
1	2	0.000315088	0.162958716	0.836726196
1	2	0.003014105	0.001328703	0.995657192
1	1	0.00020103	0.939362004	0.060436965
1	1	0.000391479	0.795902693	0.203705828
1	1	0.000565607	0.979502037	0.019932356
1	2	0.006241403	0.115619539	0.878139058
1	1	9.42657E-06	0.844780852	0.155209722
1	1	1.0355E-06	0.999971969	2.69958E-05
1	1	0.000458708	0.900507735	0.099033557
1	1	4.56041E-05	0.988651691	0.011302705
1	1	6.03715E-05	0.997809755	0.002129874
1	2	7.88313E-05	0.366740798	0.63318037
1	1	0.000272804	0.958717975	0.041009221
1	1	0.000146872	0.985950113	0.013903015
1	1	2.12612E-06	0.999688299	0.000309575
1	1	3.35746E-05	0.979962779	0.020003647
1	1	0.000177214	0.987328113	0.012494673
1	1	0.000128646	0.817140989	0.182730365
1	1	0.000441566	0.629088581	0.370469854
1	1	0.000477281	0.990539576	0.008983143
1	2	0.00193569	0.238713461	0.759350849
1	1	0.000282547	0.994846506	0.004870947
1	1	0.000222861	0.980629212	0.019147926
1	2	0.419115576	0.00847946	0.572404964
1	2	0.002026484	0.013701459	0.984272057
1	0	0.648051464	0.006905168	0.345043368
1	1	5.49696E-05	0.998870778	0.001074253
1	1	0.00377235	0.878308638	0.117919013
1	1	0.000310319	0.967721399	0.031968282
1	1	7.7338E-07	0.956863121	0.043136105
1	1	2.59314E-05	0.982106281	0.017867788
1	1	1.84575E-06	0.994791004	0.00520715
1	2	0.00233463	0.362075672	0.635589699
1	1	4.58514E-05	0.988659266	0.011294883
1	1	0.000238927	0.988416896	0.011344177
1	1	1.3398E-06	0.999812404	0.000186256
1	1	3.26594E-05	0.948307592	0.051659748
1	1	0.00018461	0.737147975	0.262667415
1	1	0.000649403	0.655434353	0.343916244
1	2	0.12441774	0.002574215	0.873008045
1	1	3.92181E-07	0.999957788	4.18197E-05
1	1	1.91872E-05	0.994845772	0.00513504
1	1	2.06044E-07	0.99992173	7.80643E-05
1	1	7.19202E-06	0.999861023	0.000131785
1	1	1.85671E-06	0.999994635	3.50786E-06
1	1	4.19397E-06	0.999736231	0.000259575
1	1	4.96269E-05	0.993343723	0.00660665
1	1	3.95996E-06	0.999922411	7.36286E-05
1	1	3.40955E-06	0.999969927	2.66631E-05
1	1	2.36146E-07	0.999986143	1.36208E-05
1	1	8.41976E-07	0.99998541	1.3748E-05
1	1	1.11612E-06	0.999948842	5.00418E-05
1	1	5.28026E-07	0.999979992	1.948E-05
1	1	1.48385E-05	0.99991149	7.36719E-05
1	1	2.50197E-08	0.999998056	1.91939E-06
1	1	1.27223E-06	0.999962607	3.6121E-05
1	1	1.15415E-09	0.999999485	5.13816E-07
1	1	3.46958E-06	0.999924352	7.2178E-05
1	1	1.2199E-06	0.999955644	4.31364E-05
1	1	4.12296E-06	0.999361165	0.000634712
1	1	1.67241E-06	0.999953944	4.43834E-05
1	1	1.73783E-06	0.99982713	0.000171132
1	1	2.25687E-08	0.999998366	1.61125E-06
1	1	6.85901E-07	0.999966787	3.25272E-05
1	1	0.000959395	0.99271916	0.006321445
1	1	0.312286839	0.667955879	0.019757282
1	1	5.68184E-08	0.999994164	5.77943E-06
1	1	4.19235E-07	0.999965949	3.36319E-05
1	1	3.84267E-05	0.898295004	0.101666569
1	1	0.00033043	0.9881547	0.01151487
1	1	1.67101E-05	0.560517355	0.439465935
1	2	7.30192E-05	1.55214E-05	0.999911459
1	2	5.54992E-05	0.00735819	0.992586311
1	1	0.020799723	0.564838404	0.414361872
1	1	0.000113299	0.940273851	0.059612851
1	1	0.000653138	0.965874053	0.033472809
1	1	0.000985383	0.943102824	0.055911793
1	1	1.05119E-05	0.994810796	0.005178692
1	1	0.000102403	0.840634577	0.159263021
1	1	0.006040865	0.625935461	0.368023674
1	1	0.000471201	0.839519799	0.160009
1	1	1.55994E-06	0.998635029	0.001363411
1	1	8.47732E-05	0.930408487	0.06950674
1	1	1.28756E-05	0.998725147	0.001261977
1	1	0.002430169	0.864421878	0.133147952
2	2	0.000167072	0.00012104	0.999711888
2	2	0.000219263	2.07609E-05	0.999759976
2	2	0.08843494	0.004724053	0.906841007
2	2	0.002697963	0.003441464	0.993860573
2	2	0.000487557	0.002811031	0.996701413
2	2	0.000331196	0.000170019	0.999498786
2	2	0.001236473	0.000853989	0.997909539
2	2	0.000300689	0.000133377	0.999565934
2	0	0.904356881	0.001781265	0.093861854
2	2	0.002333114	0.015752578	0.981914307
2	2	0.000189913	5.47658E-05	0.999755321
2	2	0.000118314	5.38412E-05	0.999827845
2	0	0.656395279	0.003326641	0.34027808
2	2	0.006656599	0.00036517	0.99297823
2	2	0.00029132	0.000295723	0.999412957
2	2	0.000210075	0.000534091	0.999255834
2	2	0.00802512	0.000913362	0.991061518
2	2	0.009673664	0.000522154	0.989804182
2	0	0.886673644	0.001876254	0.111450103
2	2	0.345469976	0.000661865	0.653868159
2	2	0.029093896	0.036577321	0.934328783
2	2	0.001395247	0.000287472	0.998317281
2	2	0.001806797	0.000290357	0.997902846
2	2	0.006310065	0.000575421	0.993114514
2	2	0.024679179	0.003511207	0.971809614
2	2	0.000539621	3.23836E-06	0.99945714
2	2	0.177024129	0.00781454	0.815161331
2	2	0.001770049	0.000475736	0.997754216
2	2	0.00011849	6.70893E-05	0.999814421
2	2	0.000151489	4.71207E-05	0.99980139
2	2	0.001215436	0.000834688	0.997949875
2	2	0.000786568	0.000144543	0.999068889
2	2	0.000257188	4.57965E-05	0.999697015
2	2	0.000628977	0.000486042	0.998884981
2	2	0.014023274	0.005912202	0.980064523
2	2	0.001513539	0.000488924	0.997997537
2	2	0.002620036	0.000342901	0.997037063
2	2	0.000129754	4.11918E-05	0.999829054
2	0	0.86951361	0.004781881	0.125704509
2	2	0.016102282	0.000748384	0.983149334
2	2	0.000290512	7.65576E-05	0.999632931
2	2	0.080792755	0.000849241	0.918358004
2	2	0.00547956	0.000830876	0.993689564
2	2	0.009428525	0.000636125	0.98993535
2	2	0.401250513	0.003437299	0.595312188
2	2	0.001856004	0.000271369	0.997872627
2	2	0.000743507	0.00437551	0.994880983
2	2	0.000674305	0.006031687	0.993294009
2	2	0.000144786	5.89592E-06	0.999849318
2	2	0.001078217	0.000567003	0.99835478
2	2	0.000331672	0.000131426	0.999536901
2	2	0.010803118	0.000947749	0.988249132
2	2	0.007614452	0.000460035	0.991925513
2	2	0.003839967	0.000342825	0.995817209
2	2	0.003123796	0.000376457	0.996499747
2	2	0.002831444	0.000631023	0.996537533
2	0	0.667756415	0.005876277	0.326367308
2	2	0.00306345	0.000145038	0.996791512
2	2	0.242224973	0.00905364	0.748721387
2	0	0.916024784	0.004125732	0.079849485
2	0	0.974890839	0.000485064	0.024624097
2	2	0.003138174	0.000369776	0.99649205
2	2	0.000337215	0.443219529	0.556443256
2	2	0.000427079	0.000215351	0.999357571
2	2	0.000262589	5.85915E-05	0.99967882
2	2	0.000282148	0.000296614	0.999421238
2	2	0.00214702	0.000523814	0.997329166
2	2	0.000374858	8.95812E-05	0.999535561
2	2	0.001854277	0.002397184	0.995748539
2	2	0.000155443	0.000173622	0.999670934
2	2	0.00015169	2.26404E-05	0.99982567
2	2	0.002195343	0.000119104	0.997685554
2	2	0.002744277	0.000388531	0.996867192
2	2	0.000335575	0.001229477	0.998434948
2	2	0.000237746	7.14788E-05	0.999690776
2	2	0.0524866	0.003105758	0.944407642
2	2	0.018707165	0.298421405	0.68287143
2	2	0.001381951	0.046492761	0.952125287
2	2	0.000320088	9.55352E-05	0.999584377
2	2	0.016228528	0.000710967	0.983060505
2	2	0.001048771	8.69362E-05	0.998864293
2	2	0.063094241	0.047343498	0.889562261
2	2	8.7076E-06	5.39783E-06	0.999985895
2	2	0.006937426	0.001947275	0.991115299
2	2	0.001212405	0.000135607	0.998651987
2	2	0.001680153	0.000587773	0.997732075
2	0	0.509717407	0.000894184	0.489388409
2	2	0.000340441	2.74823E-05	0.999632076
2	0	0.565355431	0.00401226	0.430632309
2	2	0.08738422	0.000821203	0.911794577
2	2	0.079670784	0.002691242	0.917637973
2	2	0.036708855	0.00301777	0.960273375
2	2	0.002070262	0.000905358	0.99702438
2	2	0.002321957	0.000120141	0.997557902
2	2	0.000414967	9.52686E-05	0.999489764
2	2	0.00106263	0.000145387	0.998791983
2	2	0.001466664	0.253379939	0.745153397
2	2	0.033671373	0.000440497	0.96588813
2	2	0.240618888	0.001660825	0.757720287
2	2	0.000185677	0.000114883	0.99969944
2	2	0.002200455	0.000686509	0.997113036
2	2	0.000623922	0.000360909	0.999015169
2	2	0.001329246	0.001410736	0.997260018
2	2	1.87702E-05	2.24159E-05	0.999958814
2	2	0.045208797	0.0016227	0.953168502
2	2	0.03032744	0.090436949	0.879235612
2	2	0.000196578	0.077750331	0.922053092
2	2	0.027496431	0.002251184	0.970252385
2	2	0.019968523	0.002669409	0.977362068
2	2	0.001037258	0.000136747	0.998825995
2	2	0.020236851	0.034743943	0.945019206
2	2	0.041378648	0.040559295	0.918062057
2	2	0.003382498	0.00035131	0.996266192
2	2	0.005934354	0.007176115	0.986889532
2	2	0.019276543	0.000687763	0.980035694
2	2	0.001768188	0.000329347	0.997902465
2	2	4.39062E-05	1.13277E-05	0.999944766
2	2	3.06451E-05	0.00300122	0.996968135
2	2	0.000171448	0.000157966	0.999670586
2	2	0.000102596	0.000512958	0.999384446
2	2	0.002048058	0.000312607	0.997639335
2	2	0.003354848	0.00158171	0.995063442
2	2	0.002979111	0.143111627	0.853909262
2	2	0.00014992	0.005640922	0.994209157
2	2	0.001603769	0.001390629	0.997005602
2	2	0.000171016	8.09522E-05	0.999748032
2	2	0.001920595	0.000596507	0.997482898
2	2	0.004974574	0.000625277	0.994400149
2	2	0.008539087	0.001412208	0.990048705
2	2	0.000478754	0.000145225	0.999376021
2	2	0.000264727	0.000346748	0.999388525
2	2	4.43341E-05	1.13368E-05	0.999944329
2	2	0.005922712	0.000417987	0.993659302
2	2	0.00037461	4.98683E-05	0.999575521
2	2	1.71357E-05	2.96708E-05	0.999953193
2	2	0.000189006	4.13876E-05	0.999769606
2	2	0.41535412	0.004759923	0.579885957
2	2	0.001055541	0.000145534	0.998798925
2	2	0.000150058	3.6882E-05	0.99981306
2	0	0.590520584	0.000933424	0.408545991
2	2	0.000533863	3.7752E-05	0.999428385
2	2	0.000162573	0.000520103	0.999317324
2	2	0.000818344	0.000208822	0.998972834
2	2	0.00028507	0.000188979	0.99952595
2	2	0.004185126	0.000721182	0.995093691
2	2	0.014388255	0.000640704	0.984971041
2	2	0.035645645	0.006278474	0.958075881
2	2	0.000217498	0.000105476	0.999677026
2	2	0.002300602	0.000180915	0.997518484
2	2	0.00017685	0.000930296	0.998892854
2	2	0.001427387	0.001079012	0.997493601
2	2	0.002106173	0.000373504	0.997520323
2	2	0.004250676	0.000415729	0.995333595
2	2	0.009842499	0.002328466	0.987829035
2	2	0.000305935	0.015605385	0.984088681
2	2	0.001356996	0.000422982	0.998220022
2	2	0.013723268	0.000832263	0.985444469
2	2	0.000570875	0.000268935	0.99916019
2	2	0.000210893	0.000250673	0.999538435
2	2	0.00198035	0.008842533	0.989177117
2	2	0.095277894	0.001834731	0.902887375
2	0	0.635644793	0.002030821	0.362324386
2	0	0.962187299	0.000608967	0.037203734
2	2	0.404669489	0.009359301	0.585971209
2	2	0.025016458	0.000864101	0.974119441
2	2	8.91653E-05	0.038851107	0.961059728
2	2	0.102428928	0.001903643	0.89566743
2	2	0.001856544	0.000279547	0.997863908
2	2	0.013947723	0.002750317	0.98330196
2	2	0.004420975	0.000262964	0.995316061
2	0	0.776101061	0.001141659	0.222757279
2	2	0.002621122	0.000526661	0.996852216
2	2	0.002296837	0.000222291	0.997480872
2	2	0.000282616	0.00013935	0.999578034
2	2	0.003037058	0.004797953	0.992164988
2	2	7.79962E-05	7.18486E-05	0.999850155
2	2	0.000895209	5.77635E-05	0.999047028
2	2	0.050427081	0.031269037	0.918303882
2	2	0.004429775	0.002949244	0.99262098
2	2	0.000275958	8.63707E-05	0.999637671
2	2	0.001732215	0.004204272	0.994063513
2	2	0.291773107	0.005002193	0.7032247
2	2	0.006844263	0.000572588	0.992583149
2	2	0.000586827	9.35625E-05	0.999319611
2	2	0.02437103	0.000767739	0.974861231
2	2	0.021333899	0.004971876	0.973694224
2	2	0.000387144	0.000327012	0.999285844
2	2	0.00174538	0.000434992	0.997819628
2	2	0.025153062	0.005250796	0.969596142
2	2	0.004680032	0.001848926	0.993471042
2	2	0.188419209	9.30209E-05	0.81148777
2	2	0.002384226	0.000392811	0.997222963
2	0	0.85544517	0.007000083	0.137554747
2	2	0.023126486	0.000369826	0.976503688
2	2	0.058197309	0.002874386	0.938928305
2	2	0.001878715	0.000186241	0.997935043
2	2	0.246729164	0.003557262	0.749713574
2	2	0.07898135	0.002730028	0.918288623
2	2	0.003184028	0.002209678	0.994606294
2	2	0.000372359	8.09844E-05	0.999546657
2	2	0.001296506	0.000284271	0.998419222
2	1	0.0003719	0.94517344	0.054454661
2	0	0.735573927	0.005963461	0.258462612
2	0	0.996679159	0.000745895	0.002574947
2	0	0.990702295	0.000348058	0.008949647
2	2	0.000115849	6.79501E-06	0.999877356
2	2	0.301601138	0.017097041	0.681301821
2	2	0.07098452	0.0021932	0.926822279
2	2	0.00186496	0.000248513	0.997886527
2	2	0.000745181	0.000537607	0.998717213
2	2	0.001007242	0.0006306	0.998362158
2	2	0.001096611	0.000831956	0.998071432
2	2	0.032731034	0.000824666	0.9664443
2	2	0.020015902	0.00059692	0.979387179
2	2	0.001649845	0.00022248	0.998127675
2	2	0.02790926	0.005226065	0.966864675
2	2	0.002906861	0.00016992	0.996923219
2	2	0.0012157	0.001714841	0.997069458
2	2	0.000876918	0.000219909	0.998903173
2	2	0.001420156	0.000266886	0.998312958
2	2	0.021941791	0.000856495	0.977201714
2	2	0.166734836	0.024988226	0.808276938
2	2	0.027145229	0.000616129	0.972238642
2	2	0.001412866	0.000520284	0.99806685
2	2	0.281449617	0.003714163	0.714836219
2	2	0.031845142	0.000103787	0.968051071
2	2	0.001253729	7.84513E-05	0.99866782
2	0	0.918927356	0.001226062	0.079846582
2	0	0.698403729	0.023018479	0.278577792
2	2	0.443431276	0.002026566	0.554542158
2	0	0.739894466	0.004225796	0.255879738
2	2	0.077121702	0.000841882	0.922036416
2	2	0.000769994	0.010888727	0.988341278
2	0	0.672662756	0.000767317	0.326569927
2	0	0.989659871	0.000355355	0.009984774
2	0	0.518688851	0.004507777	0.476803372
2	2	0.007031358	0.0006147	0.992353942
2	2	0.114938929	0.001552553	0.883508518
2	2	0.2261677	0.040369589	0.733462711
2	2	0.376053095	0.013903357	0.610043548
2	2	0.00715114	0.001098089	0.99175077
2	2	0.013883461	0.00155317	0.984563369
2	2	0.002747693	0.000939095	0.996313212
2	0	0.995313749	0.003224758	0.001461492
2	2	0.00191153	0.009770856	0.988317613
2	2	0.00919109	0.026092151	0.964716759
2	2	0.039702687	0.013562639	0.946734674
2	2	0.006784244	0.006282091	0.986933666
2	2	0.005180381	0.023574805	0.971244814
2	2	0.427908471	0.001308406	0.570783124
2	2	0.006534928	0.001724714	0.991740358
2	2	0.124937081	0.001648408	0.873414511
2	0	0.711456783	0.001131806	0.287411411
2	2	0.02286514	0.000499381	0.976635479
2	2	0.00101747	0.000417746	0.998564784
2	0	0.999136031	0.000102427	0.000761543
2	2	0.008850104	0.00112584	0.990024056
2	2	0.020631347	0.00332082	0.976047834
2	2	0.046434119	0.002070799	0.951495082
2	2	3.65651E-05	8.02939E-05	0.999883141
2	2	0.000138335	0.000193674	0.999667991
2	2	0.000353814	8.39627E-05	0.999562223
2	2	0.017362277	0.001120192	0.981517531
2	2	0.00508558	0.000842914	0.994071506
2	2	0.09654747	0.002966358	0.900486172
2	0	0.821132239	0.001985527	0.176882234
2	2	0.050979361	0.001147311	0.947873328
2	2	0.00080303	0.000114995	0.999081975
2	2	0.371132028	0.010886874	0.617981098
2	2	0.192175788	0.02099555	0.786828662
2	2	0.100937878	0.035552314	0.863509808
2	2	0.001242808	0.002631551	0.996125641
2	2	0.064695733	0.135557411	0.799746856
2	2	8.63667E-05	2.18391E-05	0.999891794
2	2	0.001826365	0.011511285	0.986662349
2	2	0.000225623	0.000120791	0.999653586
2	1	0.000155021	0.724807754	0.275037225
2	2	0.000178903	0.000190098	0.999630999
2	0	0.849688999	0.001426566	0.148884435
2	2	0.000392763	0.000110124	0.999497112
2	2	0.006533349	0.000378257	0.993088394
2	2	0.000606544	0.000225716	0.99916774
2	2	0.082554098	0.002510178	0.914935723
2	2	0.000465402	4.39609E-05	0.999490637
2	2	0.124101621	0.075747145	0.800151234
2	2	0.266312168	0.004982686	0.728705145
2	2	0.000807502	0.096311764	0.902880734
2	0	0.980560805	0.00070923	0.018729965
2	0	0.922290434	0.00227541	0.075434157
2	1	0.000107915	0.819904501	0.179987584
2	2	2.88491E-05	2.64E-06	0.999968511
2	2	0.01228046	0.038149377	0.949570163
2	2	0.004183271	0.000865709	0.99495102
2	2	0.241437949	0.002810641	0.75575141
2	2	0.001407245	0.000412439	0.998180316
2	0	0.971486543	0.002301192	0.026212265
2	2	0.065401689	0.002117949	0.932480362
2	2	0.000705166	0.007042599	0.992252235
2	2	0.001279924	0.000573212	0.998146864
2	2	0.003327208	0.000487158	0.996185633
2	2	0.005492239	0.000310223	0.994197539
2	2	0.006832542	0.013222193	0.979945265
2	0	0.840600283	0.002796354	0.156603363
2	0	0.980350431	0.000541512	0.019108057
2	0	0.977645374	0.00044235	0.021912275
2	2	0.005717206	0.002920282	0.991362511
2	2	0.018612139	0.000543304	0.980844557
2	0	0.798115611	0.000351324	0.201533065
2	2	0.000239398	4.50704E-05	0.999715532
2	2	0.01031064	0.001102606	0.988586754
2	2	0.000486853	6.04347E-05	0.999452712
2	2	0.160863195	0.003783896	0.835352909
2	2	0.029020603	0.001745439	0.969233958
2	2	0.002435279	0.001052598	0.996512123
2	2	0.021409731	0.000555185	0.978035084
2	2	0.003561401	0.000431993	0.996006607
2	2	0.00220683	0.000687328	0.997105842
2	2	0.00184312	0.000250189	0.997906691
2	2	0.001807232	0.001745596	0.996447172
2	2	0.282565065	0.057455391	0.659979544
2	2	0.007399763	0.000674724	0.991925513
2	2	0.004969234	0.002293928	0.992736838
2	2	0.001108461	0.000273452	0.998618087
2	2	0.011690314	0.15027405	0.838035636
2	2	0.008202402	0.000686072	0.991111526
2	2	0.133338465	0.004372307	0.862289228
2	2	0.217937053	0.001272911	0.780790036
2	2	0.097702737	0.001815806	0.900481457
2	0	0.982844152	0.000594848	0.016561001
2	2	0.018157969	0.001884212	0.979957819
2	2	0.000417306	0.000274299	0.999308395
2	2	0.008123952	0.000279045	0.991597003
2	2	0.490311017	0.00171008	0.507978903
2	0	0.999099982	9.04421E-05	0.000809576
2	0	0.99934067	6.11146E-05	0.000598215
2	0	0.538790731	0.008736654	0.452472615
2	0	0.662845075	0.00231878	0.334836144
2	2	0.004176609	0.000766669	0.995056722
2	2	0.075223134	0.00045642	0.924320446
2	2	0.019625062	0.000713129	0.979661809
2	2	0.00208699	4.31153E-05	0.997869895
2	1	0.036292011	0.942181212	0.021526778
2	2	0.002011191	0.000314122	0.997674686
2	0	0.874257346	0.005600606	0.120142048
2	2	0.000777048	0.000130988	0.999091964
2	2	0.006497749	0.008882258	0.984619994
2	2	0.002805982	0.000390727	0.996803291
2	0	0.818155146	0.005109758	0.176735097
2	2	0.040210454	0.004965565	0.954823981
2	2	0.000839973	0.000299786	0.99886024
2	2	0.000174809	4.21693E-05	0.999783022
2	2	0.00145672	0.000110315	0.998432965
2	2	0.487070213	0.000682091	0.512247695
2	2	0.002798293	0.004818244	0.992383463
2	2	0.0010177	0.000790607	0.998191693
2	2	0.000518726	0.041985379	0.957495895
2	2	0.0002444	6.06309E-05	0.999694969
2	2	0.016364265	0.000448073	0.983187662
2	2	0.075051672	0.002088982	0.922859346
2	2	0.016733396	0.000662329	0.982604276
2	2	0.002606518	0.000229561	0.997163921
2	2	0.148965234	0.005463081	0.845571685
2	0	0.719136464	0.004324736	0.2765388
2	2	0.328962937	0.004600408	0.666436654
2	0	0.841786191	0.002452299	0.15576151
2	2	0.002619944	0.000676957	0.996703099
2	2	0.006206746	0.001581283	0.992211971
2	2	0.010507802	0.000468752	0.989023446
2	2	0.00179248	0.000260488	0.997947032
2	2	0.005141438	0.000465303	0.99439326
2	0	0.734778523	0.001954372	0.263267105
2	2	0.000328735	2.87361E-05	0.999642529
2	2	0.253423503	0.000773107	0.74580339
2	2	0.025410964	0.001008315	0.973580721
2	2	0.045221753	0.006471308	0.948306939
2	0	0.903023767	0.003430647	0.093545586
2	2	0.000513701	5.6005E-05	0.999430294
2	2	0.001857162	4.69745E-05	0.998095864
2	2	0.002723657	0.000151977	0.997124366
2	2	1.5442E-05	5.67908E-06	0.999978879
2	2	0.000574767	0.000271229	0.999154004
2	2	6.83558E-05	1.53809E-05	0.999916263
2	2	0.016412468	0.007608312	0.97597922
2	2	0.017145127	0.01438828	0.968466593
2	2	0.003617613	0.000116195	0.996266192
2	2	0.049118173	0.001008061	0.949873765
2	2	0.001166722	0.000588545	0.998244732
2	2	0.17165214	0.016616065	0.811731796
2	0	0.979758369	0.001158477	0.019083154
2	2	0.001027361	0.000134135	0.998838504
2	0	0.62719132	0.004083488	0.368725192
2	2	0.012019581	0.00032182	0.987658599
2	1	0.009094	0.930679358	0.060226642
2	2	0.033629625	0.018320257	0.948050119
2	2	0.00203005	6.28352E-05	0.997907115
2	2	0.000328927	4.7235E-05	0.999623839
2	1	0.006498087	0.946724158	0.046777755
2	0	0.678452954	0.024848941	0.296698105
2	2	0.001996381	0.000818924	0.997184695
2	2	0.000439524	0.000278048	0.999282428
2	2	0.000359179	0.000230033	0.999410788
2	2	0.006921736	0.000737467	0.992340797
2	2	0.014866509	0.009964322	0.975169169
2	0	0.696194078	0.002559542	0.30124638
2	2	0.000569487	0.000204555	0.999225958
2	2	0.000290929	3.91688E-05	0.999669902
2	2	0.000533272	4.55783E-05	0.99942115
2	2	0.433807555	0.004136711	0.562055734
2	2	0.000154846	0.000125252	0.999719902
2	2	0.068994427	0.011693414	0.919312159
2	0	0.989001858	0.000299721	0.010698422
2	2	0.148094424	0.056342553	0.795563023
2	2	0.018943419	0.016511491	0.96454509
2	2	0.010986211	0.000165438	0.988848351
2	0	0.569792686	0.004320938	0.425886375
2	0	0.928269324	0.001637748	0.070092928
2	0	0.976915786	0.000620519	0.022463695
2	0	0.823468072	0.000893977	0.175637951
2	2	0.00855451	0.003370492	0.988074999
2	2	0.006868164	0.000264662	0.992867174
2	0	0.506017903	0.000655191	0.493326906
2	2	0.009079899	0.000466435	0.990453666
2	2	0.021633638	0.000523064	0.977843297
2	2	0.055668758	0.006922792	0.93740845
2	2	0.001081808	0.000439039	0.998479153
2	2	0.074698915	0.013004111	0.912296974
2	2	0.010237165	0.000534954	0.989227881
2	0	0.696212936	0.000416344	0.30337072
2	2	0.042409558	0.002148723	0.955441719
2	2	0.339911267	0.00721444	0.652874293
2	0	0.878064116	0.002733874	0.11920201
2	2	0.045714316	0.002336634	0.95194905
2	2	0.000601176	0.000221404	0.99917742
2	2	0.010287776	0.000453009	0.989259215
2	2	0.001132776	5.0427E-05	0.998816797
2	2	0.001882566	0.000234532	0.997882902
2	2	0.000776081	0.000176913	0.999047006
2	0	0.686651918	0.001963891	0.311384192
2	2	0.041592961	0.004342851	0.954064188
2	0	0.694550719	0.004823815	0.300625465
2	2	0.03824808	0.02333591	0.938416011
2	2	0.000765392	0.000955551	0.998279057
2	2	0.00024612	0.000445465	0.999308415
2	0	0.998042993	0.000318318	0.001638689
2	2	0.000346284	0.30570022	0.693953496
2	2	0.019840891	0.018225924	0.961933185
2	2	0.000262598	2.41969E-05	0.999713205
2	0	0.628924832	0.006361802	0.364713366
2	2	0.293583869	0.006987783	0.699428347
2	0	0.990376469	0.000955123	0.008668408
2	2	0.000870897	0.308730583	0.69039852
2	2	0.003443813	0.009152064	0.987404123
2	2	0.139159828	0.008553351	0.852286821
2	0	0.974393727	0.004098477	0.021507796
2	0	0.885245856	0.001417175	0.113336969
2	0	0.918569682	0.007018277	0.074412041
2	2	0.098191925	0.000520859	0.901287216
2	0	0.782053367	0.002325472	0.215621161
2	2	0.002988485	0.000294719	0.996716796
2	2	0.004161024	0.188889327	0.806949649
2	0	0.996055454	0.000562425	0.003382121
2	0	0.544706991	0.003353646	0.451939363
2	2	0.003232596	0.000131373	0.996636031
2	2	0.038832203	0.012698068	0.948469729
2	2	0.013808303	0.004212558	0.981979139
2	2	0.001614038	0.000200216	0.998185746
2	0	0.641250425	0.129933146	0.228816428
2	2	0.043563129	0.001437077	0.954999794
2	2	0.369742743	0.004471874	0.625785383
2	2	0.098550881	0.027717749	0.87373137
2	0	0.959289181	0.001080574	0.039630244
2	2	0.000502287	0.000136016	0.999361697
2	2	0.07552487	0.003104839	0.92137029
2	2	0.005377049	0.000719816	0.993903135
2	2	0.117989659	0.015306797	0.866703544
2	0	0.816029769	0.008608506	0.175361724
2	2	0.022973608	0.000749646	0.976276745
2	2	0.114024101	0.001398653	0.884577245
2	2	0.027625402	0.001948063	0.970426535
2	2	0.018923428	0.078728146	0.902348426
2	2	0.304721186	0.022109275	0.673169539
2	2	0.009802308	0.002064149	0.988133544
2	2	0.001016133	0.000133762	0.998850105
2	2	0.028360659	0.002020617	0.969618724
2	2	0.002447449	0.001055322	0.996497228
2	2	0.458064319	0.040282197	0.501653484
2	2	0.018052041	0.000176287	0.981771672
2	2	0.040494859	0.000424635	0.959080506
2	2	0.043601974	6.86113E-05	0.956329414
2	2	0.000674186	0.058600939	0.940724875
2	2	0.030252044	0.007892901	0.961855054
2	2	0.007394394	0.031655824	0.960949782
2	2	0.292712501	0.007420088	0.699867411
2	2	0.001199799	0.000300038	0.998500163
2	2	6.14169E-06	3.97451E-06	0.999989884
2	2	0.43255987	0.001990768	0.565449361
2	2	0.037528824	0.109684633	0.852786543
2	2	0.007610673	0.000956142	0.991433185
2	2	0.000154029	0.000117019	0.999728952
2	2	0.004482489	0.002767871	0.99274964
2	2	0.003312487	0.001830335	0.994857178
2	2	0.059243748	0.010406809	0.930349443
2	2	0.000694734	0.000186369	0.999118897
2	2	0.000181827	0.000273898	0.999544275
2	2	0.00040736	0.000106335	0.999486305
2	2	0.465971455	0.008068958	0.525959586
2	2	0.003932828	0.000553529	0.995513643
2	2	0.054605197	0.005348569	0.940046234
2	2	0.000423401	6.78649E-05	0.999508734
2	1	0.03202513	0.583252908	0.384721962
2	2	0.00153615	0.000238063	0.998225787
2	1	0.000783462	0.86106276	0.138153777
2	2	0.003852493	0.001965448	0.994182059
2	2	0.002679314	0.001307035	0.996013651
2	2	0.027752987	0.001036286	0.971210727
2	0	0.996164524	0.00013814	0.003697336
2	2	0.110932866	0.028298964	0.860768169
2	2	0.080876716	0.00100524	0.918118044
2	2	0.008804131	0.005625	0.985570869
2	2	0.001463349	6.29401E-05	0.998473711
2	2	0.182836421	0.003544836	0.813618743
2	2	0.003718676	0.000858531	0.995422793
2	2	0.00917446	0.003377797	0.987447743
2	2	0.129972899	0.000694354	0.869332747
2	2	0.002705008	0.000340652	0.99695434
2	0	0.904364774	0.003234689	0.092400537
2	2	0.013644756	0.002031055	0.984324189
2	2	0.000641693	0.000457836	0.998900471
2	2	0.046455739	0.002367418	0.951176843
2	2	0.128074414	0.004776039	0.867149548
2	2	0.022504971	0.009297413	0.968197616
2	0	0.488238308	0.299227341	0.21253435
2	0	0.704684703	0.004220065	0.291095232
2	2	0.001574505	0.000237959	0.998187536
2	2	0.041163417	0.005707893	0.95312869
2	2	0.279088752	0.023810576	0.697100673
2	2	0.001303852	0.000127139	0.998569009
2	2	0.001489146	0.000461581	0.998049273
2	2	0.175169768	0.008388449	0.816441783
2	2	0.01311493	0.001481494	0.985403576
2	0	0.533215937	0.002625382	0.464158681
2	2	0.454241258	0.001987601	0.543771141
2	2	0.007212606	0.004246225	0.98854117
2	2	0.000378789	0.000153098	0.999468113
2	0	0.925832717	0.002316352	0.071850931
2	2	0.434849243	0.005171689	0.559979067
2	2	0.004517312	0.000707242	0.994775447
2	2	0.005529566	0.000498231	0.993972203
2	0	0.886773552	0.001317044	0.111909404
2	0	0.612606277	0.00082006	0.386573663
2	2	0.101433943	0.00026274	0.898303317
2	2	0.00086047	0.001368648	0.997770881
2	2	0.021090656	0.005864575	0.973044769
2	2	0.420394291	0.000900588	0.578705121
2	2	0.016268242	0.001315761	0.982415998
2	2	0.001309835	0.000443083	0.998247083
2	2	0.00049093	1.73745E-05	0.999491695
2	2	0.000157651	0.000271722	0.999570627
2	2	0.023582625	0.001248959	0.975168417
2	2	0.006810526	5.17811E-05	0.993137693
2	2	0.000571015	0.000323376	0.999105609
2	2	0.046821912	0.000810302	0.952367787
2	2	0.242483991	0.003860264	0.753655745
2	0	0.656866848	0.005019756	0.338113396
2	0	0.968823874	0.000643897	0.03053223
2	2	0.012676464	0.00083958	0.986483955
2	0	0.899888741	0.002296925	0.097814334
2	0	0.880088819	0.001563963	0.118347218
2	2	0.493914416	0.008353347	0.497732237
2	2	0.001542858	0.094541256	0.903915886
2	2	0.017919552	0.000373922	0.981706526
2	2	0.004700526	0.000466953	0.994832521
2	0	0.990246219	0.000300578	0.009453203
2	2	0.325725203	0.001874335	0.672400462
2	2	0.001014467	0.001574068	0.997411465
2	2	0.016767454	0.008425306	0.97480724
2	2	0.018755633	0.002085261	0.979159105
2	2	0.024309585	0.008523872	0.967166543
2	2	0.044214846	0.001024557	0.954760596
2	0	0.959884575	0.001011883	0.039103542
2	2	0.095171442	0.193965424	0.710863135
2	0	0.627538802	0.003199535	0.369261663
2	2	0.444797273	0.004707319	0.550495407
2	0	0.606515658	0.001888401	0.391595941
2	2	0.152965604	0.061461631	0.785572765
2	2	0.128437114	0.001174614	0.870388272
2	2	0.115412898	0.001330182	0.883256919
2	2	0.001553123	0.099909817	0.898537059
2	2	0.000410303	0.000403589	0.999186108
2	1	0.008963424	0.895562737	0.095473839
2	2	0.004866505	0.000299355	0.99483414
2	0	0.993261707	0.001379739	0.005358554
2	2	0.00545681	0.000913807	0.993629383
2	2	0.001139004	0.001757609	0.997103387
2	2	0.003056284	0.003378392	0.993565324
2	2	0.003499437	0.002734372	0.993766191
2	0	0.557361264	0.003237216	0.43940152
2	2	0.000913308	0.001620635	0.997466057
2	0	0.709193723	0.002152282	0.288653995
2	2	0.022948378	0.006322706	0.970728916
2	2	0.000653724	0.00037066	0.998975616
2	2	0.035839426	0.004625796	0.959534778
2	0	0.985414226	0.000525378	0.014060397
2	0	0.989559261	0.000741381	0.009699358
2	0	0.942779169	0.000924347	0.056296484
2	0	0.851579646	0.002728612	0.145691742
2	2	0.001570223	0.000165765	0.998264011
2	2	0.006669562	0.000307142	0.993023297
2	2	0.002368641	0.000266633	0.997364726
2	0	0.987120059	0.000816353	0.012063588
2	2	0.023469442	0.004293916	0.972236642
2	2	0.150074106	0.001121121	0.848804773
2	2	0.062739369	0.026855997	0.910404633
2	2	0.001406463	0.00126716	0.997326377
2	2	0.000264821	9.30794E-05	0.9996421
2	2	0.000512127	0.000225377	0.999262496
2	2	0.197145831	0.011659761	0.791194408
2	2	0.019638916	0.000889597	0.979471487
2	2	0.001490439	0.000292693	0.998216868
2	2	0.004207924	0.000367354	0.995424722
2	2	0.10287445	0.004640905	0.892484646
2	2	0.000791079	2.14173E-05	0.999187504
2	2	0.025196206	0.000626375	0.974177419
2	0	0.748857734	0.006218004	0.244924261
2	0	0.737694345	0.004854614	0.257451041
2	2	0.006574273	0.001781871	0.991643856
2	2	0.453229646	0.001054218	0.545716136
2	2	0.073355425	0.000790663	0.925853912
2	2	0.047006584	0.001828302	0.951165114
2	2	0.001902573	0.000243073	0.997854354
2	2	0.004340458	0.000921161	0.994738381
2	2	0.001204122	0.000299497	0.998496381
2	2	0.201352974	0.027206596	0.77144043
2	2	0.000414692	0.000159962	0.999425346
2	0	0.967371838	0.000808547	0.031819616
2	2	0.368105327	0.000791654	0.631103019
2	0	0.626016903	0.01059283	0.363390267
2	2	0.000624222	0.050620224	0.948755554
2	2	0.0231025	0.004231433	0.972666067
2	0	0.995688213	0.000265361	0.004046427
2	2	0.007126945	0.006452597	0.986420458
2	2	0.408135654	0.007573078	0.584291268
2	2	0.009907507	0.001983757	0.988108736
2	2	0.000544583	4.47513E-05	0.999410665
2	2	0.044147866	0.007007946	0.948844188
2	0	0.798412618	0.008000672	0.193586711
2	2	0.00260704	0.000527723	0.996865237
2	2	0.016717681	0.001109897	0.982172423
2	2	0.022791102	0.000908619	0.976300279
2	2	0.006415963	0.010407109	0.983176928
2	0	0.989950784	0.000329511	0.009719705
2	0	0.994014104	0.00010181	0.005884086
2	2	0.003002367	0.000246671	0.996750962
2	0	0.839232129	0.007223845	0.153544026
2	2	0.019505861	0.004345388	0.976148751
2	2	0.038867662	0.000528011	0.960604327
2	2	0.000117406	0.000555705	0.999326889
2	2	0.000611566	7.62809E-05	0.999312153
2	2	0.003521043	0.000867411	0.995611547
2	2	0.001099568	0.000836371	0.998064061
2	2	0.010248891	0.000478916	0.989272193
2	2	0.010384721	0.001266599	0.98834868
2	2	0.000746232	0.000127477	0.999126291
2	2	0.011563423	0.000867055	0.987569523
2	2	0.137423756	0.011357397	0.851218847
2	2	0.006799721	0.000844662	0.992355617
2	0	0.994766216	0.000181665	0.005052119
2	1	0.005551776	0.599633016	0.394815208
2	0	0.519331903	0.002317857	0.47835024
2	2	0.001871633	7.04897E-05	0.998057877
2	2	0.012143558	0.001321409	0.986535033
2	0	0.50872286	0.049854232	0.441422907
2	2	0.002026648	4.31438E-05	0.997930208
2	2	0.00053129	7.12866E-05	0.999397424
2	2	0.000528497	4.46225E-05	0.99942688
2	2	0.4358192	0.010312198	0.553868602
2	0	0.53573	0.009618904	0.454651096
2	2	0.013194616	0.006554218	0.980251166
2	2	0.006106612	0.000355536	0.993537851
2	2	0.023369213	0.00077045	0.975860337
2	2	0.000996898	0.001661786	0.997341316
2	0	0.978887897	0.00447863	0.016633473
2	2	0.007643145	0.000271528	0.992085328
2	2	0.13636346	0.001749839	0.861886701
2	0	0.967088387	0.000575331	0.032336282
2	0	0.970566581	0.000650561	0.028782858
2	2	0.019650346	0.000798033	0.979551621
2	2	0.014178075	0.194901978	0.790919947
2	2	0.006452915	0.001141373	0.992405712
2	2	0.052045694	0.019592014	0.928362292
2	2	0.000457098	0.00055596	0.998986942
2	2	0.002266207	0.00037795	0.997355842
2	2	0.246938225	0.001210748	0.751851028
2	2	0.000846883	0.000300775	0.998852342
2	2	0.274327122	0.007420313	0.718252565
2	0	0.838559688	0.001390392	0.16004992
2	2	0.081589643	0.001690125	0.916720232
2	0	0.995472872	0.000259245	0.004267883
2	2	0.003663473	0.000571159	0.995765368