0	0	0.979956103	0.003500157	0.01654374
0	0	0.931752524	0.025132636	0.04311484
0	0	0.995650435	0.000367915	0.00398165
0	0	0.99944494	6.94256E-05	0.000485634
0	0	0.99270713	0.002280365	0.005012504
0	0	0.901331284	0.014965879	0.083702837
0	0	0.993753731	0.000633807	0.005612462
0	0	0.996291532	0.000398495	0.003309973
0	0	0.990958632	0.001036317	0.008005052
0	0	0.971261513	0.000981273	0.027757214
0	0	0.998770707	0.000127955	0.001101337
0	0	0.997422437	0.000383458	0.002194105
0	0	0.892416289	0.005168759	0.102414952
0	0	0.992630866	0.000275067	0.007094067
0	0	0.958620311	0.002808906	0.038570783
0	0	0.716254107	0.17500858	0.108737313
0	0	0.961505564	0.002075081	0.036419355
0	0	0.968248889	0.01435774	0.017393371
0	0	0.54764197	0.027641596	0.424716435
0	0	0.8723936	0.009280735	0.118325665
0	0	0.933218067	0.005189508	0.061592425
0	0	0.979992324	0.0007474	0.019260276
0	0	0.948393387	0.001172419	0.050434193
0	0	0.972866516	0.001282546	0.025850938
0	0	0.996596179	0.00017523	0.00322859
0	0	0.997665539	0.000183492	0.002150968
0	0	0.983702027	0.000692479	0.015605494
0	0	0.970996292	0.001713645	0.027290063
0	0	0.997820143	9.3806E-05	0.002086051
0	0	0.997596339	0.000209831	0.00219383
0	0	0.969563207	0.000961698	0.029475095
0	0	0.994139887	0.000420663	0.00543945
0	0	0.998680682	3.31914E-05	0.001286127
0	2	0.052002979	0.159206326	0.788790695
0	2	0.189193542	0.004010719	0.806795739
0	0	0.987966256	0.001085834	0.01094791
0	0	0.992139385	0.000567261	0.007293355
0	0	0.975250522	0.002958536	0.021790942
0	0	0.920089822	0.00494893	0.074961249
0	0	0.964170135	0.002288892	0.033540973
0	0	0.958395238	0.003787705	0.037817058
0	0	0.987639757	0.000485449	0.011874794
0	0	0.939524364	0.013582385	0.04689325
0	0	0.952499077	0.00382971	0.043671213
0	0	0.990944993	0.001893939	0.007161067
0	0	0.982668822	0.000559827	0.016771351
0	0	0.971204935	0.001307396	0.027487669
0	0	0.996236453	0.00111136	0.002652187
0	0	0.96801354	0.001160843	0.030825617
0	0	0.9637027	0.003919182	0.032378119
0	0	0.99842501	0.000260066	0.001314924
0	0	0.977959378	0.00089214	0.021148482
0	0	0.993432809	0.000397391	0.0061698
0	0	0.959373047	0.001387606	0.039239347
0	0	0.989411183	0.000543465	0.010045352
0	0	0.962291387	0.001306847	0.036401766
0	0	0.972075879	0.018453127	0.009470994
0	0	0.971489454	0.002623818	0.025886728
0	0	0.918181622	0.00540214	0.076416238
0	0	0.991153766	0.001135837	0.007710397
0	0	0.980465769	0.000668866	0.018865366
0	0	0.993295192	0.000362594	0.006342214
0	0	0.998477276	0.000211407	0.001311316
0	0	0.998966431	0.000136999	0.00089657
0	0	0.911863368	0.008729343	0.079407289
0	0	0.980284335	0.002686241	0.017029424
0	0	0.962792232	0.015962427	0.021245341
0	0	0.992719375	0.000709743	0.006570882
0	0	0.994784755	0.000154436	0.005060809
0	0	0.684577026	0.001765619	0.313657356
0	0	0.989396625	0.000973259	0.009630116
0	0	0.99571001	0.000421918	0.003868071
0	0	0.954787236	0.000779493	0.044433271
0	0	0.976515272	0.001146702	0.022338025
0	0	0.971504774	0.006727114	0.021768113
0	0	0.998980943	0.000243104	0.000775952
0	0	0.980494856	0.000573073	0.018932072
0	0	0.855895947	0.118255651	0.025848403
0	0	0.991800968	0.000562661	0.007636371
0	0	0.897121268	0.022117984	0.080760747
0	0	0.690941209	0.005900604	0.303158187
0	0	0.990295771	0.000399678	0.009304551
0	0	0.992608342	0.000399172	0.006992486
0	0	0.993220196	0.000610091	0.006169713
0	0	0.887694333	0.01059548	0.101710187
0	0	0.98752759	0.000471236	0.012001173
0	0	0.993568212	0.001780693	0.004651095
0	0	0.993606115	0.000435849	0.005958036
0	0	0.991303428	0.000289101	0.008407471
0	0	0.998785605	0.000408869	0.000805526
0	0	0.988283505	0.000903273	0.010813222
0	0	0.984694907	0.000556734	0.014748359
0	0	0.953550304	0.002677791	0.043771905
0	0	0.999369945	9.58496E-05	0.000534205
0	0	0.897362753	0.072883348	0.029753899
0	0	0.993651086	0.000239162	0.006109752
0	0	0.989170123	0.001314908	0.00951497
0	0	0.985270583	0.000750974	0.013978442
0	0	0.994208807	0.000533737	0.005257456
0	0	0.985171493	0.00087242	0.013956087
0	0	0.99472684	0.000437739	0.004835421
0	0	0.936356441	0.001478305	0.062165253
0	0	0.982319762	0.001706965	0.015973273
0	0	0.985209519	0.001194771	0.01359571
0	0	0.976717487	0.00279742	0.020485093
0	0	0.966329233	0.002138714	0.031532053
0	0	0.946792052	0.00263183	0.050576118
0	0	0.979978532	0.007341408	0.01268006
0	0	0.894279258	0.00596565	0.099755091
0	2	0.166394582	0.351307521	0.482297897
0	0	0.956856466	0.002968193	0.040175341
0	0	0.883102468	0.008007201	0.108890331
0	0	0.995004995	0.000334388	0.004660617
0	0	0.968922645	0.001116708	0.029960648
0	0	0.992311644	0.000522431	0.007165925
0	0	0.991898558	0.000715926	0.007385516
0	0	0.984952405	0.001132235	0.013915361
0	0	0.952128666	0.01922286	0.028648474
0	0	0.979727395	0.00021167	0.020060934
0	0	0.719265544	0.129726789	0.151007667
0	0	0.995415573	0.000163451	0.004420975
0	0	0.959097554	0.00123651	0.039665936
0	0	0.872087112	0.007564674	0.120348213
0	0	0.990088175	0.000967726	0.008944099
0	0	0.982953415	0.000589407	0.016457178
0	0	0.97327498	0.00197895	0.024746069
0	0	0.974666574	0.001988132	0.023345294
0	0	0.962467285	0.002896491	0.034636224
0	0	0.990708409	0.000561985	0.008729606
0	0	0.992809709	0.000469278	0.006721014
0	0	0.982454897	0.002197575	0.015347528
0	0	0.975243657	0.002427319	0.022329024
0	0	0.99528579	0.000404675	0.004309535
0	0	0.983892589	0.003588796	0.012518615
0	0	0.993861213	0.001106385	0.005032403
0	0	0.987186692	0.001376246	0.011437062
0	0	0.96020629	0.001135926	0.038657784
0	0	0.976819256	0.002901424	0.02027932
0	0	0.990626091	0.000831551	0.008542359
0	0	0.965148244	0.015996688	0.018855067
0	0	0.938377624	0.01168087	0.049941507
0	0	0.998442389	0.000106693	0.001450918
0	0	0.581746359	0.393599755	0.024653886
0	0	0.985535656	0.001493743	0.012970601
0	0	0.954452071	0.002923079	0.04262485
0	0	0.861467507	0.003766843	0.134765649
0	0	0.998733011	0.000233865	0.001033124
0	0	0.968396277	0.005307078	0.026296645
0	0	0.998997406	8.6419E-05	0.000916175
0	0	0.993425624	0.000972738	0.005601639
0	0	0.984530417	0.001378181	0.014091402
0	0	0.969244125	0.000892987	0.029862888
0	0	0.979170375	0.000600859	0.020228766
0	0	0.992546171	0.001800336	0.005653493
0	0	0.989096441	0.000780744	0.010122816
0	2	0.458486344	0.005622804	0.535890852
0	0	0.976511183	0.000955698	0.022533119
0	0	0.981832533	0.001915389	0.016252078
0	0	0.999048922	0.000115637	0.00083544
0	0	0.996513577	0.000239971	0.003246452
0	0	0.995540124	0.000934153	0.003525723
0	0	0.994817505	0.000682126	0.004500369
0	0	0.968674555	0.00105025	0.030275194
0	0	0.962183503	0.007753196	0.030063301
0	0	0.984578693	0.003531116	0.011890192
0	0	0.980093626	0.001736807	0.018169568
0	0	0.986980086	0.004948329	0.008071585
0	0	0.933458195	0.008689333	0.057852472
0	0	0.987089327	0.000521034	0.012389639
0	0	0.99571827	0.000245285	0.004036445
0	0	0.990407966	0.000570477	0.009021557
0	2	0.472891626	0.005317835	0.521790539
0	0	0.97751923	0.002721595	0.019759175
0	0	0.990017665	0.000700839	0.009281496
0	0	0.990167816	0.003200396	0.006631788
0	0	0.979689626	0.006196817	0.014113557
0	0	0.994343456	0.000214893	0.005441652
0	0	0.989076752	0.001029808	0.00989344
0	2	0.19710038	0.018817986	0.784081634
0	0	0.988147394	0.000526256	0.01132635
0	0	0.963862403	0.003805885	0.032331712
0	1	0.01678837	0.963031744	0.020179886
0	0	0.978580616	0.00328512	0.018134264
0	0	0.907509679	0.008415744	0.084074577
0	0	0.996663333	0.00057036	0.002766306
0	0	0.894119771	0.004443044	0.101437185
0	0	0.920266968	0.019485368	0.060247665
0	0	0.949640776	0.008274544	0.04208468
0	0	0.848714944	0.02025544	0.131029616
0	0	0.916379838	0.003627816	0.079992346
0	0	0.995310058	0.000373833	0.004316109
0	0	0.991899677	0.000738394	0.007361929
0	0	0.981424694	0.001840257	0.016735049
0	0	0.991581015	0.000350218	0.008068767
0	0	0.984049342	0.000972754	0.014977904
0	0	0.975448943	0.004762619	0.019788438
0	0	0.98540239	0.000666144	0.013931467
0	0	0.979395536	0.001457665	0.0191468
0	1	0.232085906	0.554356281	0.213557814
0	0	0.994414444	0.000672707	0.004912849
0	2	0.051430437	0.274165011	0.674404552
0	0	0.967745668	0.02153478	0.010719551
0	0	0.967498117	0.000997916	0.031503967
0	0	0.994748441	0.000888865	0.004362695
0	0	0.993336598	0.000763891	0.005899512
0	0	0.976700697	0.001300671	0.021998632
0	0	0.990630049	0.000555071	0.00881488
0	1	0.009441234	0.97164128	0.018917486
0	0	0.959364364	0.006389595	0.03424604
0	0	0.955510417	0.001851592	0.042637991
0	0	0.996727966	0.000352635	0.002919399
0	0	0.935776462	0.00398715	0.060236388
0	0	0.950655209	0.013293184	0.036051607
0	0	0.911585186	0.010088388	0.078326426
0	0	0.992484237	0.000334242	0.007181521
0	0	0.999272066	0.000126822	0.000601113
0	0	0.992990533	0.000514542	0.006494925
0	0	0.981217855	0.000724042	0.018058103
0	0	0.997393218	0.000614372	0.00199241
0	0	0.838080843	0.00594122	0.155977937
0	2	0.437296512	0.061400101	0.501303387
0	0	0.982177947	0.008374342	0.009447711
0	0	0.973614281	0.000823506	0.025562213
0	0	0.978311941	0.000404634	0.021283425
0	0	0.732498854	0.004577998	0.262923148
0	0	0.945579519	0.001015822	0.053404659
0	0	0.998599645	4.41993E-05	0.001356156
0	0	0.993525361	0.000463828	0.00601081
0	0	0.994747853	0.000373884	0.004878263
0	0	0.993239756	0.000510927	0.006249316
0	0	0.999904905	2.73332E-06	9.2362E-05
0	0	0.965749958	0.001411432	0.03283861
0	0	0.910370574	0.003903805	0.085725621
0	0	0.921810084	0.003395799	0.074794116
0	0	0.993534817	0.003607334	0.002857849
0	0	0.992978629	0.000844517	0.006176854
0	0	0.987309632	0.000821917	0.011868451
0	0	0.990470323	0.001262609	0.008267068
0	0	0.622759031	0.010865142	0.366375827
0	0	0.957384093	0.003583015	0.039032891
0	0	0.998617319	0.000239206	0.001143475
0	0	0.790796627	0.02520244	0.184000933
0	0	0.972517857	0.006267568	0.021214575
0	0	0.907376391	0.001705669	0.090917941
0	0	0.957575241	0.001729797	0.040694962
0	0	0.985984818	0.002289975	0.011725207
0	0	0.58103429	0.031661764	0.387303946
0	0	0.996053242	0.000367696	0.003579062
0	0	0.988421015	0.00102389	0.010555096
0	0	0.941427316	0.008583975	0.049988708
0	0	0.982441511	0.000871308	0.016687181
0	0	0.935144724	0.001490932	0.063364344
0	0	0.931690557	0.008920935	0.059388508
0	0	0.992098354	0.000402252	0.007499394
0	0	0.99812836	0.000210869	0.001660771
0	0	0.956335307	0.000651426	0.043013267
0	0	0.983834458	0.001072141	0.015093401
0	0	0.96572054	0.00480941	0.02947005
0	0	0.83307038	0.010435549	0.156494072
0	0	0.994197655	0.001360206	0.004442139
0	2	0.420039554	0.007668714	0.572291732
0	0	0.995026737	0.000135901	0.004837362
0	0	0.997053456	0.000653903	0.002292641
0	0	0.993091324	0.000478367	0.006430309
0	0	0.990376046	0.003653131	0.005970823
0	0	0.985348339	0.002154579	0.012497083
0	0	0.945194936	0.003170506	0.051634559
0	0	0.990925819	0.000910137	0.008164044
0	0	0.893008988	0.026229813	0.080761199
0	0	0.968205739	0.002621232	0.029173029
0	0	0.974959763	0.002545167	0.022495071
0	0	0.999468042	9.76391E-05	0.000434319
0	0	0.99906198	0.000163788	0.000774232
0	0	0.99820468	0.000146337	0.001648982
0	0	0.973464964	0.000248369	0.026286667
0	0	0.9964974	0.000153316	0.003349284
0	0	0.984036278	0.000629873	0.015333849
0	0	0.994813058	0.000414515	0.004772426
0	0	0.982445086	0.000713441	0.016841473
0	0	0.974500821	0.000751657	0.024747522
0	0	0.977417157	0.00090884	0.021674003
0	0	0.484797589	0.055154121	0.46004829
0	0	0.99037552	0.000757058	0.008867423
0	0	0.988407919	0.00033277	0.011259312
0	0	0.967654221	0.001115915	0.031229864
0	0	0.991567134	0.000472407	0.007960459
0	0	0.886333898	0.008189016	0.105477086
0	0	0.936785487	0.007992905	0.055221608
0	0	0.897286745	0.003042183	0.099671072
0	2	0.070299478	0.244121089	0.685579433
0	0	0.984103056	0.00044661	0.015450334
0	0	0.993606688	0.000388618	0.006004694
0	0	0.982337537	0.001215597	0.016446867
0	0	0.99864987	0.000219919	0.001130211
0	0	0.99252648	0.000690288	0.006783232
0	0	0.988395359	0.003585087	0.008019554
0	0	0.95546206	0.001040806	0.043497134
0	0	0.999223475	5.2349E-05	0.000724175
0	0	0.996545818	0.00015823	0.003295952
0	0	0.963673683	0.012832137	0.02349418
0	0	0.974381868	0.013193223	0.012424909
0	0	0.682438327	0.023740256	0.293821418
0	0	0.973669654	0.001756762	0.024573585
0	0	0.97686553	0.001569958	0.021564512
0	0	0.96982724	0.002699369	0.027473391
0	0	0.992293707	0.000557674	0.007148619
0	0	0.974217515	0.000833463	0.024949021
0	0	0.960983402	0.001097415	0.037919183
0	0	0.941504504	0.009907372	0.048588124
0	0	0.955077418	0.001793721	0.043128861
0	0	0.99969745	4.15006E-05	0.000261049
0	0	0.999029565	0.000124841	0.000845594
0	0	0.957405203	0.00164992	0.040944878
0	0	0.996555936	0.000466501	0.002977563
0	0	0.923161751	0.02731687	0.049521378
0	0	0.993829934	0.000382765	0.005787301
0	0	0.99223382	0.001048393	0.006717787
0	0	0.999159821	6.16005E-05	0.000778579
0	0	0.991513861	0.002415081	0.006071058
0	0	0.897337609	0.005378622	0.09728377
0	0	0.994289514	0.000207843	0.005502642
0	0	0.97694467	0.001143427	0.021911903
0	0	0.962983842	0.001911401	0.035104756
0	0	0.967636554	0.00293221	0.029431236
0	0	0.979850855	0.000729206	0.01941994
0	0	0.869713902	0.011590251	0.118695847
0	0	0.979452172	0.008338584	0.012209244
0	0	0.966715424	0.000944598	0.032339978
0	2	0.154284442	0.358991218	0.48672434
0	0	0.978440658	0.000200621	0.021358721
0	0	0.994663856	0.000361246	0.004974898
0	0	0.961794624	0.002922388	0.035282989
0	0	0.995599145	0.000376983	0.004023872
0	0	0.979662425	0.000783024	0.019554551
0	0	0.994857732	0.000761169	0.0043811
0	0	0.94887458	0.001486429	0.049638991
0	0	0.995360814	0.000337937	0.004301248
0	0	0.996544287	0.000210135	0.003245578
0	0	0.997382112	0.000127013	0.002490875
0	0	0.652765235	0.004376361	0.342858404
0	0	0.966994699	0.000807666	0.032197635
0	0	0.980783575	0.000880691	0.018335734
0	0	0.995345744	0.000437399	0.004216857
0	0	0.98516368	0.003679982	0.011156338
0	0	0.994223432	0.000769944	0.005006625
0	0	0.993178086	0.000410947	0.006410966
0	0	0.98020028	0.001395924	0.018403795
0	0	0.994738399	0.00025789	0.005003711
0	0	0.786207918	0.020361	0.193431082
0	0	0.934423682	0.014540385	0.051035933
0	0	0.978834451	0.003854196	0.017311353
0	0	0.98016905	0.00129476	0.01853619
0	0	0.84571988	0.006771267	0.147508853
0	0	0.931260501	0.000947848	0.067791651
0	0	0.894884458	0.003743776	0.101371766
0	1	0.219944408	0.744844018	0.035211574
0	0	0.968190282	0.001036997	0.030772722
0	0	0.979071993	0.001498261	0.019429746
0	0	0.968579959	0.003160503	0.028259538
0	0	0.951605207	0.004729645	0.043665148
0	0	0.972510589	0.001278364	0.026211047
0	0	0.970733704	0.001166785	0.028099511
0	0	0.993508166	0.000280086	0.006211748
0	0	0.965868804	0.001686791	0.032444405
0	0	0.99403669	0.000469764	0.005493547
0	0	0.963249378	0.000410866	0.036339756
0	0	0.564359609	0.003049848	0.432590543
0	0	0.968475437	0.000458279	0.031066284
0	0	0.989726701	0.000504155	0.009769144
0	0	0.972776121	0.001388264	0.025835615
0	0	0.905180026	0.022613201	0.072206773
0	0	0.916463741	0.001445742	0.082090517
0	0	0.996207034	0.000162522	0.003630445
0	0	0.985654866	0.001387226	0.012957908
0	0	0.981927368	0.001990364	0.016082269
0	0	0.990004715	0.001434347	0.008560938
0	0	0.9253307	0.005872915	0.068796384
0	1	0.05644029	0.86946951	0.0740902
0	2	0.065201419	0.003219356	0.931579225
0	0	0.990780839	0.000123538	0.009095623
0	0	0.957550663	0.0010784	0.041370937
0	0	0.994033186	0.000307116	0.005659698
0	0	0.948448713	0.000861335	0.050689953
0	0	0.916520638	0.002775649	0.080703713
0	0	0.954847597	0.00125076	0.043901643
0	0	0.964305592	0.001240989	0.034453419
0	0	0.972675482	0.001019743	0.026304776
0	0	0.784043615	0.007305041	0.208651344
0	2	0.3593445	0.004984243	0.635671257
0	0	0.904967831	0.009874932	0.085157237
0	0	0.966502386	0.000692521	0.032805093
0	0	0.997059892	0.000184024	0.002756084
0	0	0.99806483	0.00021793	0.00171724
0	0	0.9866382	0.001227898	0.012133903
0	2	0.463061482	0.005089399	0.531849118
0	0	0.907509682	0.008407332	0.084082986
0	0	0.959717279	0.002647561	0.037635161
0	2	0.16432719	0.03371219	0.801960619
0	0	0.906742508	0.014925311	0.078332181
0	0	0.997151326	0.000352891	0.002495783
0	0	0.989782338	0.001373257	0.008844405
0	1	0.365841484	0.460862685	0.17329583
0	0	0.994837703	0.00076988	0.004392417
0	0	0.995260552	0.000403655	0.004335793
0	0	0.994073611	0.000664388	0.005262
0	0	0.947511662	0.009490955	0.042997383
0	0	0.997613454	0.000233322	0.002153223
0	0	0.990044482	0.000526897	0.009428621
0	0	0.989731524	0.000329801	0.009938675
0	0	0.990658707	0.000947688	0.008393605
0	0	0.945124457	0.001030163	0.053845381
0	0	0.995832227	3.69414E-05	0.004130832
0	0	0.936909001	0.008263813	0.054827186
0	0	0.858311896	0.014002943	0.12768516
0	0	0.745599369	0.003843135	0.250557496
0	0	0.96611775	0.004311499	0.029570751
0	0	0.968724645	0.000907629	0.030367726
0	0	0.992469547	0.000448878	0.007081575
0	0	0.978737107	0.001065307	0.020197586
0	0	0.971079361	0.000522938	0.028397701
0	0	0.983251469	0.000588114	0.016160418
0	0	0.959326039	0.002209643	0.038464318
0	0	0.923070747	0.011582622	0.065346631
0	0	0.991222231	0.000443809	0.00833396
0	0	0.996206434	0.000159128	0.003634438
0	0	0.991277322	0.000527923	0.008194755
0	0	0.983838294	0.000992589	0.015169116
0	0	0.982938012	0.000562225	0.016499764
0	0	0.994821431	0.000327674	0.004850895
0	0	0.972547916	0.00416918	0.023282904
0	0	0.999577648	2.61641E-05	0.000396188
0	0	0.98759419	0.000706008	0.011699801
0	0	0.98705869	0.000605216	0.012336095
0	0	0.986683486	0.000698199	0.012618315
0	0	0.973521188	0.0008089	0.025669913
0	0	0.993736606	0.000417894	0.0058455
0	0	0.964879345	0.000935105	0.034185551
0	0	0.972459532	0.000905406	0.026635062
0	1	0.452022873	0.478871734	0.069105394
0	0	0.968362464	0.000850107	0.030787429
0	0	0.997876377	0.000114639	0.002008985
0	0	0.982813919	0.000534256	0.016651825
0	0	0.826771963	0.007121575	0.166106462
0	0	0.969785119	0.00112837	0.029086511
0	0	0.989637222	0.000670413	0.009692365
0	0	0.963851051	0.003885442	0.032263507
0	0	0.995476804	0.000757541	0.003765655
0	0	0.947668424	0.011616246	0.04071533
0	0	0.919443783	0.001309269	0.079246948
0	0	0.997704981	0.000522755	0.001772264
0	0	0.932410275	0.006766425	0.060823299
0	0	0.998628307	0.000136926	0.001234767
0	0	0.996381985	0.000223942	0.003394073
0	0	0.991490088	0.001129651	0.007380261
0	0	0.990028378	0.000561993	0.00940963
0	0	0.991266523	0.001372568	0.007360909
0	0	0.987433918	0.000784828	0.011781253
0	0	0.947081214	0.006713933	0.046204854
0	0	0.967790786	0.001307368	0.030901846
0	0	0.986084923	0.000659181	0.013255897
0	0	0.973873842	0.000998183	0.025127975
0	0	0.66841231	0.005943542	0.325644148
0	0	0.909340628	0.000622457	0.090036915
0	0	0.937560396	0.003295247	0.059144357
0	0	0.958659042	0.001250615	0.040090343
0	0	0.779088979	0.09735122	0.123559801
0	0	0.959754668	0.005748148	0.034497184
0	0	0.645179339	0.003278967	0.351541694
0	0	0.955940222	0.010201098	0.03385868
0	0	0.922030018	0.025324639	0.052645343
0	0	0.970344209	0.0010774	0.028578391
0	0	0.981237301	0.001012188	0.017750511
0	0	0.995863001	0.000168017	0.003968982
0	0	0.881380135	0.00800118	0.110618685
0	0	0.739015045	0.017825291	0.243159664
0	0	0.992767495	0.000755252	0.006477253
0	0	0.975762031	0.001470818	0.022767151
0	0	0.99556479	0.000409061	0.004026148
0	0	0.891513984	0.002540907	0.105945109
0	0	0.995231905	0.000186369	0.004581726
0	0	0.97967232	0.000800289	0.019527391
0	0	0.970482133	0.001394719	0.028123148
0	0	0.761141129	0.003474737	0.235384134
0	0	0.967266451	0.007215807	0.025517743
0	0	0.954673159	0.005391206	0.039935635
0	0	0.996364417	0.000196128	0.003439455
0	0	0.517304841	0.054305871	0.428389289
0	0	0.976260239	0.002104397	0.021635364
0	0	0.958165908	0.001215701	0.040618391
0	0	0.981992703	0.001835256	0.016172041
0	0	0.768949987	0.002529511	0.228520502
0	0	0.801275061	0.01495139	0.183773549
0	0	0.967614562	0.000943776	0.031441662
0	2	0.451730197	0.016513613	0.531756189
0	0	0.984774338	0.007452224	0.007773438
0	0	0.741697844	0.006198095	0.252104061
0	2	0.193098187	0.150942475	0.655959338
0	0	0.973066014	0.000718458	0.026215528
0	0	0.987574101	0.00069001	0.011735888
0	0	0.981767001	0.000272874	0.017960125
0	0	0.942043721	0.000773563	0.057182716
0	0	0.91413583	0.056181031	0.029683139
0	0	0.978832619	0.010555644	0.010611737
0	0	0.972282187	0.000830727	0.026887086
0	0	0.972298594	0.001044108	0.026657298
0	0	0.992993558	0.00038294	0.006623502
0	0	0.96325323	0.003726675	0.033020096
0	0	0.992740417	0.000412867	0.006846717
0	0	0.982190034	0.000957705	0.016852261
0	0	0.955040651	0.000425306	0.044534043
0	0	0.895269465	0.001204332	0.103526203
0	0	0.994652036	0.00044964	0.004898323
0	0	0.99443526	0.000831665	0.004733075
0	0	0.668483872	0.013242247	0.31827388
0	0	0.739816955	0.006191038	0.253992007
0	0	0.904840987	0.006352569	0.088806445
0	0	0.989779665	0.000411512	0.009808824
0	0	0.972506399	0.016041461	0.01145214
0	0	0.994110143	0.000391507	0.00549835
0	0	0.988979909	0.000912629	0.010107463
0	0	0.971383292	0.00180547	0.026811238
0	0	0.990830923	0.000904787	0.008264291
0	0	0.928180119	0.006908315	0.064911565
0	0	0.963597837	0.001021196	0.035380967
0	0	0.571299909	0.00551303	0.423187061
0	0	0.968251074	0.001195054	0.030553872
0	0	0.983762982	0.000633678	0.01560334
0	0	0.969185963	0.000839253	0.029974784
0	0	0.802253615	0.003714057	0.194032328
0	0	0.843081834	0.006493256	0.150424911
0	0	0.992704594	0.000519771	0.006775635
0	0	0.921355728	0.003082824	0.075561448
0	0	0.963427586	0.001002601	0.035569813
0	0	0.994752661	0.000284419	0.004962919
0	0	0.992438059	0.000331034	0.007230908
0	0	0.977932266	0.000747845	0.021319889
0	0	0.978928644	0.000611622	0.020459734
0	0	0.60262372	0.010156288	0.387219993
0	2	0.329441871	0.105572711	0.564985418
0	0	0.961533112	0.000790673	0.037676215
0	0	0.987289791	0.000662631	0.012047578
0	0	0.932011094	0.006874677	0.061114229
0	0	0.895847516	0.006230585	0.097921899
0	0	0.989362399	0.001787219	0.008850383
0	2	0.079470461	0.00281591	0.917713629
0	0	0.986298239	0.000809093	0.012892668
0	0	0.957485989	0.002708273	0.039805739
0	0	0.983432031	0.000700857	0.015867112
0	0	0.982739186	0.001171686	0.016089128
0	0	0.697058912	0.001199818	0.30174127
0	0	0.971967908	0.003237569	0.024794523
0	0	0.985896666	0.000213579	0.013889755
0	0	0.830905206	0.000867548	0.168227245
0	0	0.975819595	0.001033114	0.02314729
0	0	0.9929786	0.000413875	0.006607525
0	0	0.989110909	0.000900871	0.009988221
0	0	0.987130497	0.002602838	0.010266665
0	0	0.989788862	0.000622378	0.009588761
0	0	0.899006176	0.002677517	0.098316307
0	2	0.393328836	0.002627797	0.604043367
0	0	0.987277598	0.000974775	0.011747627
0	0	0.982297389	0.000427028	0.017275583
0	0	0.930881405	0.001928094	0.067190501
0	0	0.816151386	0.003534599	0.180314015
0	0	0.991584268	0.000356616	0.008059116
0	0	0.974029094	0.00100425	0.024966656
0	0	0.945667017	0.001322456	0.053010527
0	0	0.714285214	0.00287451	0.282840276
0	0	0.975238772	0.001650837	0.023110391
0	0	0.994441677	0.000330048	0.005228275
0	0	0.749351053	0.003372342	0.247276605
0	0	0.961916034	0.002768283	0.035315684
0	0	0.980689811	0.002656093	0.016654096
0	0	0.985152474	0.00099183	0.013855696
0	0	0.970322003	0.001008665	0.028669332
0	0	0.988921458	0.000247515	0.010831027
0	0	0.974623193	0.00087735	0.024499456
0	0	0.984345024	0.000541656	0.01511332
0	0	0.96600586	0.000550224	0.033443916
0	0	0.931066435	0.008482716	0.06045085
0	0	0.994105992	0.000562448	0.00533156
0	0	0.613844548	0.041776823	0.344378629
0	0	0.991828808	0.000664082	0.00750711
0	2	0.091009224	0.017708785	0.891281991
0	0	0.952298836	0.002808299	0.044892866
0	0	0.850827782	0.002351868	0.146820351
0	2	0.044156267	0.004443467	0.951400266
0	0	0.976997941	0.003453833	0.019548226
0	0	0.512659744	0.022630812	0.464709444
0	0	0.945283488	7.5493E-05	0.054641019
0	0	0.979177786	0.000912391	0.019909823
0	0	0.903954806	0.011888593	0.084156601
0	0	0.943095432	0.007365209	0.049539359
0	0	0.970076659	0.00300319	0.026920151
0	0	0.991804628	0.000436584	0.007758788
0	2	0.143304104	0.001809171	0.854886724
0	0	0.963141263	0.002315904	0.034542833
0	0	0.909859455	0.001615089	0.088525455
0	0	0.99072223	0.00038237	0.008895399
0	0	0.978499373	0.000620035	0.020880593
0	0	0.967747766	0.002855856	0.029396378
0	0	0.980069619	0.00310441	0.016825971
0	0	0.951744405	0.000998797	0.047256798
0	0	0.720194438	0.006710149	0.273095412
0	0	0.971516826	0.000200239	0.028282934
0	0	0.982721093	0.001459692	0.015819215
0	0	0.943462797	0.00292606	0.053611143
0	0	0.99332636	0.000544471	0.00612917
0	0	0.978802109	0.002635649	0.018562241
0	0	0.915997773	0.004585109	0.079417118
0	0	0.978910584	4.91018E-05	0.021040314
0	0	0.995870993	0.00057414	0.003554867
0	2	0.311202916	0.02289332	0.665903764
0	0	0.968018745	0.001099935	0.030881319
0	0	0.97564459	0.00144484	0.02291057
0	0	0.983622488	0.000765476	0.015612036
0	0	0.961595321	0.001927249	0.036477429
0	0	0.98997438	0.000557038	0.009468581
0	0	0.992888308	0.000533774	0.006577917
0	0	0.837918629	0.031025858	0.131055513
0	0	0.99951686	1.60006E-05	0.000467139
0	0	0.993575177	0.000507941	0.005916883
0	0	0.992776341	0.000464453	0.006759206
0	0	0.982378481	0.001349018	0.016272501
0	0	0.841827979	0.001151627	0.157020394
0	0	0.954818598	0.00114479	0.044036612
0	0	0.916610446	0.002240911	0.081148643
0	0	0.936100666	0.005223789	0.058675544
0	0	0.989904872	0.000223065	0.009872063
0	0	0.974135987	0.000471588	0.025392425
0	0	0.959817778	0.000704226	0.039477996
0	0	0.985505577	0.000514045	0.013980378
0	0	0.978453017	0.000734087	0.020812895
0	0	0.990631934	0.000498348	0.008869718
0	0	0.997082146	8.62792E-05	0.002831575
0	2	0.366190991	0.004227687	0.629581322
0	0	0.992644234	0.001448563	0.005907202
0	0	0.969933797	0.001868859	0.028197345
0	0	0.978577422	0.0023948	0.019027778
0	0	0.846302976	0.001256057	0.152440967
0	0	0.851654055	0.004695856	0.143650089
0	0	0.985954103	0.001627117	0.01241878
0	0	0.974512793	0.001083436	0.02440377
0	0	0.937355573	0.005649475	0.056994951
0	0	0.983409822	0.001068682	0.015521497
0	0	0.64536936	0.024851617	0.329779023
0	0	0.952931568	0.00704588	0.040022552
0	0	0.996147688	0.000320202	0.00353211
0	0	0.975754012	0.004790863	0.019455125
0	0	0.98311536	0.000800616	0.016084024
0	0	0.98564204	0.000810579	0.013547381
0	0	0.913702	0.002818217	0.083479783
0	0	0.956482802	0.009418377	0.034098821
0	0	0.711707108	0.024341104	0.263951787
0	0	0.994310983	0.000546976	0.005142041
0	0	0.990088586	0.000500271	0.009411143
0	0	0.972181843	0.001312906	0.026505251
0	0	0.93848013	0.0078441	0.05367577
0	0	0.955241336	0.003264035	0.04149463
0	0	0.987824944	0.000627134	0.011547922
0	0	0.988134478	0.000923411	0.010942112
0	0	0.967888105	0.003990899	0.028120996
0	0	0.989907329	0.000724561	0.00936811
0	0	0.940956238	0.003298265	0.055745497
0	0	0.993739313	0.000832664	0.005428023
0	0	0.898995998	0.009179554	0.091824448
0	0	0.993814808	0.000361986	0.005823205
0	0	0.977005413	0.000654288	0.022340299
0	0	0.970710354	0.000740469	0.028549178
0	0	0.9973728	0.000119855	0.002507345
0	0	0.994730813	0.000269516	0.004999671
0	0	0.963447123	0.001367956	0.035184921
0	2	0.059477261	0.002856491	0.937666248
0	0	0.996682207	0.000149693	0.0031681
0	0	0.97174053	0.000975787	0.027283683
0	0	0.956832521	0.005419634	0.037747844
0	0	0.766387066	0.003173666	0.230439268
0	0	0.867058489	0.002828104	0.130113408
0	0	0.645523562	0.000382687	0.354093751
0	0	0.984555852	0.000898517	0.01454563
0	0	0.980289771	0.000499898	0.019210331
0	0	0.706553976	0.062427108	0.231018917
0	0	0.996727332	0.000437568	0.0028351
0	0	0.969260669	0.001282272	0.029457059
0	0	0.995504044	0.000307847	0.004188108
0	0	0.987582373	0.000472064	0.011945563
0	0	0.995456317	0.000198355	0.004345328
0	0	0.969145591	0.001506689	0.02934772
0	0	0.721306777	0.021901706	0.256791516
0	0	0.992512925	0.000418633	0.007068442
0	0	0.986297042	0.000649442	0.013053517
0	0	0.961665133	0.002783938	0.035550929
0	0	0.89774365	0.003190522	0.099065828
0	2	0.27943769	0.105096538	0.615465772
0	0	0.995299303	0.000834221	0.003866476
0	0	0.990265115	0.000407332	0.009327553
0	0	0.939205611	0.001759156	0.059035232
0	0	0.985419119	0.000506347	0.014074534
0	0	0.955322614	0.01409118	0.030586205
0	0	0.993608127	0.000168308	0.006223565
0	0	0.972248015	0.001088076	0.026663909
0	0	0.988721512	0.000713847	0.010564641
0	0	0.986734036	0.000811233	0.012454731
0	0	0.924852111	0.017662325	0.057485563
0	0	0.993959814	0.000229511	0.005810675
0	0	0.972868814	0.000892123	0.026239063
0	0	0.993953795	0.000369387	0.005676817
0	0	0.995422192	0.000269407	0.004308402
0	0	0.995103586	0.000210567	0.004685848
0	0	0.952074259	0.001151014	0.046774727
0	0	0.79703199	0.005377883	0.197590126
0	0	0.987011265	0.000838099	0.012150635
0	0	0.993846518	0.000584664	0.005568818
0	0	0.994170247	0.00039992	0.005429833
0	0	0.986631724	0.000623814	0.012744462
0	0	0.52067257	0.027580841	0.451746589
0	0	0.919735115	0.005077331	0.075187554
0	0	0.94463106	0.002843667	0.052525273
0	0	0.987480355	0.000528642	0.011991003
0	0	0.990061344	0.000613955	0.009324701
0	0	0.955372674	0.004570404	0.040056922
0	0	0.536689348	0.005608142	0.45770251
0	0	0.994519816	0.000301453	0.005178731
0	2	0.212016563	0.005271761	0.782711676
0	0	0.971968401	0.000861331	0.027170268
0	0	0.986198723	0.000504019	0.013297258
0	0	0.986320648	0.000561402	0.01311795
0	0	0.834759556	0.004732453	0.160507991
0	0	0.996722817	0.000205969	0.003071213
0	0	0.923597531	0.001717683	0.074684786
0	0	0.900058333	0.006731241	0.093210425
0	0	0.989176734	0.005527154	0.005296112
0	0	0.978712474	0.00046703	0.020820496
0	0	0.988215493	0.001358527	0.01042598
0	0	0.60315389	0.019722742	0.377123368
0	0	0.990067487	0.00051498	0.009417532
0	0	0.965239463	0.001807738	0.032952799
0	0	0.988418439	0.000905477	0.010676084
0	0	0.948561635	0.001825669	0.049612696
0	0	0.962714733	0.001667053	0.035618214
0	0	0.92505442	0.023183772	0.051761807
0	0	0.96174764	0.001147347	0.037105013
0	0	0.997087302	0.000233176	0.002679522
0	0	0.894437509	0.003315124	0.102247367
0	0	0.993579726	0.000511051	0.005909223
0	0	0.997006174	0.000122549	0.002871277
0	0	0.97731448	0.000604719	0.022080801
0	0	0.941607721	0.003190855	0.055201424
0	0	0.794265498	0.012420121	0.193314382
0	0	0.99323478	0.000612667	0.006152553
0	0	0.771635596	0.00121399	0.227150414
0	0	0.95462981	0.007185921	0.038184269
0	0	0.998557869	4.85002E-05	0.00139363
0	0	0.994426962	0.000343272	0.005229767
0	0	0.969019425	0.000878785	0.030101791
0	0	0.982511223	0.001732927	0.015755851
0	0	0.989388982	0.001938254	0.008672764
0	0	0.769125624	0.000511839	0.230362537
0	0	0.98055181	0.000596256	0.018851934
0	0	0.671897018	0.024322579	0.303780403
0	2	0.007707024	0.010940069	0.981352907
1	1	0.00196673	0.990660658	0.007372612
1	1	0.001771083	0.995844651	0.002384266
1	1	0.002814944	0.978717	0.018468056
1	1	0.002064272	0.982772435	0.015163293
1	1	0.007882709	0.934462601	0.057654691
1	1	0.002463078	0.990700175	0.006836746
1	1	0.001457857	0.994427848	0.004114295
1	1	0.00058617	0.995409987	0.004003843
1	1	0.15520345	0.801782069	0.043014481
1	1	0.025842365	0.962963217	0.011194417
1	1	0.332542141	0.627326157	0.040131702
1	1	0.005000211	0.969499744	0.025500045
1	1	0.007083934	0.965290837	0.027625229
1	1	0.002386969	0.980952803	0.016660228
1	1	0.045140896	0.931492949	0.023366155
1	1	0.008163638	0.979742599	0.012093763
1	1	0.002252157	0.990874928	0.006872915
1	1	0.001737425	0.989801263	0.008461311
1	1	0.009725508	0.903026711	0.087247781
1	1	0.018445128	0.944920011	0.036634861
1	1	0.034809259	0.532127655	0.433063086
1	1	0.004595731	0.975770954	0.019633315
1	1	0.005546972	0.968503534	0.025949495
1	1	0.003405926	0.98222157	0.014372504
1	1	0.005133719	0.969257624	0.025608657
1	1	0.004280067	0.975713203	0.02000673
1	1	0.003064805	0.988989867	0.007945328
1	1	0.003594405	0.987995955	0.008409639
1	1	0.002606122	0.987289555	0.010104323
1	1	0.003387606	0.988139065	0.008473329
1	1	0.001201307	0.981135021	0.017663672
1	1	0.004711768	0.985218208	0.010070025
1	1	0.003740217	0.983623863	0.01263592
1	1	0.008606752	0.896633288	0.09475996
1	1	0.003650895	0.987594567	0.008754539
1	1	0.004734235	0.972743147	0.022522618
1	1	0.002250542	0.989669625	0.008079833
1	1	0.00499843	0.981442932	0.013558638
1	1	0.003696796	0.979327785	0.01697542
1	1	0.011180983	0.971473843	0.017345175
1	1	0.014007635	0.971073858	0.014918507
1	1	0.004368374	0.989392184	0.006239442
1	1	0.025803597	0.948815071	0.025381331
1	1	0.001879244	0.990360857	0.007759899
1	1	0.0334966	0.87100171	0.09550169
1	1	0.027963378	0.929545476	0.042491146
1	1	0.004206893	0.979678526	0.01611458
1	1	0.004224689	0.978328695	0.017446616
1	1	0.003558358	0.976426296	0.020015346
1	1	0.009884971	0.964119736	0.025995293
1	1	0.005057991	0.966488557	0.028453451
1	1	0.010226219	0.965701646	0.024072135
1	1	0.002027587	0.985103092	0.012869321
1	1	0.004388636	0.973227992	0.022383372
1	1	0.005605371	0.985082429	0.0093122
1	1	0.001542753	0.988875419	0.009581828
1	1	0.423221668	0.487844194	0.088934139
1	1	0.004851727	0.984304024	0.010844248
1	1	0.004470445	0.987708747	0.007820808
1	1	0.002425486	0.994591506	0.002983008
1	1	0.003603093	0.978570291	0.017826616
1	1	0.00361991	0.984022765	0.012357325
1	1	0.00471552	0.983147474	0.012137006
1	1	0.350896144	0.633772651	0.015331205
1	1	0.041187872	0.676237169	0.282574959
1	1	0.027183212	0.941429606	0.031387182
1	1	0.002857168	0.968289342	0.02885349
1	1	0.003463355	0.97695216	0.019584485
1	1	0.008021299	0.978773637	0.013205064
1	1	0.023672534	0.966533021	0.009794446
1	1	0.003206579	0.985456049	0.011337372
1	1	0.00234623	0.987335563	0.010318207
1	1	0.013172762	0.959921188	0.02690605
1	1	0.004518504	0.973775665	0.021705831
1	1	0.00139736	0.9901778	0.00842484
1	1	0.004821896	0.970651282	0.024526821
1	1	0.004086902	0.975731179	0.020181919
1	1	0.005125413	0.967205629	0.027668958
1	1	0.001923069	0.983308048	0.014768883
1	1	0.003771436	0.987380879	0.008847685
1	1	0.003689084	0.979633122	0.016677794
1	1	0.003362237	0.982899202	0.013738561
1	1	0.004112581	0.978138035	0.017749384
1	1	0.005922883	0.982129603	0.011947515
1	1	0.004755794	0.983643528	0.011600678
1	1	0.162604398	0.806755176	0.030640426
1	1	0.012128368	0.971602865	0.016268767
1	1	0.004159404	0.986902955	0.008937641
1	1	0.001512731	0.992985794	0.005501476
1	1	0.01354902	0.967015228	0.019435752
1	1	0.010348406	0.958272795	0.0313788
1	1	0.00451132	0.990182938	0.005305742
1	1	0.002092624	0.992590859	0.005316518
1	1	0.001440068	0.990877082	0.007682849
1	1	0.00108923	0.992841906	0.006068864
1	1	0.007479585	0.977186341	0.015334073
1	1	0.009488117	0.917213383	0.0732985
1	1	0.003169201	0.96312131	0.033709489
1	1	0.005810951	0.97432435	0.019864699
1	1	0.001567192	0.990178909	0.008253899
1	1	0.001638834	0.98819988	0.010161286
1	1	0.002484999	0.982275785	0.015239216
1	1	0.005439757	0.978317691	0.016242552
1	1	0.001133986	0.992312913	0.006553102
1	1	0.002879018	0.985993149	0.011127833
1	1	0.010171034	0.870218081	0.119610885
1	1	0.001633294	0.990092866	0.00827384
1	1	0.001852412	0.989983959	0.008163629
1	1	0.00265843	0.992309983	0.005031588
1	1	0.000648605	0.995522914	0.003828481
1	1	0.045634462	0.934454721	0.019910817
1	1	0.003489814	0.552055382	0.444454804
1	1	0.00428805	0.956548968	0.039162983
1	1	0.019605106	0.912958149	0.067436745
1	1	0.003995556	0.98908744	0.006917004
1	1	0.009962855	0.766368945	0.2236682
1	1	0.003389035	0.980286822	0.016324143
1	1	0.010819665	0.814899959	0.174280376
1	1	0.007152569	0.958693706	0.034153724
1	1	0.005153609	0.964584258	0.030262133
1	2	0.019413279	0.354269288	0.626317433
1	1	0.159545223	0.561003651	0.279451126
1	1	0.004244511	0.984295903	0.011459586
1	1	0.007878244	0.967586651	0.024535106
1	1	0.001093176	0.993651789	0.005255036
1	1	0.005456431	0.982396415	0.012147154
1	1	0.001007745	0.992984119	0.006008137
1	1	0.007330597	0.974434146	0.018235257
1	2	0.134191632	0.136301435	0.729506932
1	1	0.008363333	0.854022066	0.137614601
1	1	0.016554138	0.892865622	0.09058024
1	1	0.012350559	0.953082376	0.034567065
1	1	0.005885467	0.978661796	0.015452737
1	1	0.004408724	0.988892096	0.006699181
1	1	0.004679396	0.980702379	0.014618225
1	1	0.004475084	0.977917411	0.017607505
1	1	0.002016015	0.988039456	0.00994453
1	1	0.001658293	0.982193829	0.016147878
1	1	0.005208137	0.971190081	0.023601782
1	1	0.001132333	0.993247955	0.005619712
1	1	0.011824306	0.633941859	0.354233835
1	1	0.026266157	0.896843423	0.07689042
1	1	0.002751568	0.988284841	0.008963591
1	1	0.001377041	0.994497252	0.004125707
1	1	0.003432549	0.983780783	0.012786668
1	1	0.007516095	0.943453198	0.049030706
1	1	0.002714412	0.917704575	0.079581012
1	1	0.003758195	0.981850289	0.014391516
1	1	0.004911914	0.960893624	0.034194462
1	1	0.008604172	0.929407432	0.061988396
1	1	0.006748125	0.972397482	0.020854394
1	1	0.000358361	0.997833701	0.001807937
1	1	0.001264655	0.990687542	0.008047803
1	1	0.00132739	0.990108209	0.008564401
1	1	0.000980192	0.994752029	0.004267779
1	1	0.00182131	0.992627814	0.005550876
1	1	0.001310896	0.993575981	0.005113124
1	1	0.006726455	0.97102118	0.022252365
1	1	0.001742265	0.991963174	0.006294561
1	1	0.001421086	0.992593526	0.005985388
1	1	0.000904196	0.997039746	0.002056058
1	1	0.144027768	0.77891826	0.077053972
1	1	0.003408375	0.985881006	0.010710619
1	1	0.00242722	0.989546296	0.008026484
1	1	0.00268967	0.980848927	0.016461403
1	1	0.000835902	0.994914362	0.004249735
1	1	0.001546196	0.993463994	0.00498981
1	1	0.025639463	0.793245446	0.181115091
1	1	0.001690906	0.989564246	0.008744848
1	1	0.003617003	0.987667125	0.008715872
1	2	0.23895711	0.110319873	0.650723017
1	1	0.013165576	0.806501347	0.180333077
1	1	0.005797302	0.973592362	0.020610336
1	1	0.005586358	0.980759711	0.013653931
1	2	0.079767424	0.05195174	0.868280836
1	1	0.001054938	0.99394534	0.004999722
1	1	0.001226601	0.995003883	0.003769516
1	1	0.003826642	0.951926354	0.044247004
1	1	0.002624834	0.98912183	0.008253336
1	1	0.000314404	0.994780757	0.004904839
1	1	0.002938371	0.990545013	0.006516617
1	1	0.002313435	0.995090146	0.002596419
1	1	0.004185716	0.977479909	0.018334375
1	1	0.002258461	0.987210955	0.010530584
1	1	0.001786691	0.985712854	0.012500456
1	1	0.001252307	0.991171674	0.007576018
1	1	0.00127356	0.994476028	0.004250412
1	1	0.00379867	0.95322494	0.042976391
1	1	0.000674827	0.994859137	0.004466036
1	1	0.02801166	0.841024552	0.130963788
1	1	0.011111883	0.962866825	0.026021292
1	1	0.001763296	0.988693924	0.00954278
1	1	0.00240736	0.993596093	0.003996547
1	1	0.007699876	0.969426049	0.022874075
1	1	0.000600012	0.9944549	0.004945088
1	1	0.004063889	0.985688543	0.010247568
1	1	0.013499874	0.934190501	0.052309625
1	1	0.007072537	0.974592326	0.018335137
1	1	0.004952653	0.985179088	0.009868259
1	1	0.00159722	0.985614043	0.012788737
1	1	0.001075107	0.995674679	0.003250213
1	2	0.013837031	0.447845542	0.538317427
1	1	0.012103127	0.936700747	0.051196126
1	1	0.005151963	0.970758497	0.02408954
1	1	0.001594469	0.982441458	0.015964073
1	1	0.004375379	0.964290957	0.031333665
1	1	0.002314858	0.988163681	0.009521461
1	1	0.002155874	0.986039442	0.011804683
1	1	0.015565946	0.924437595	0.059996459
1	1	0.001217245	0.964481211	0.034301543
1	1	0.008199622	0.977489957	0.014310421
1	1	0.00133647	0.99081888	0.00784465
1	1	0.009607793	0.972796155	0.017596052
1	1	0.001212434	0.988442287	0.010345279
1	1	0.008350967	0.966882893	0.02476614
1	1	0.010747491	0.952673581	0.036578928
1	1	0.005074008	0.970907332	0.02401866
1	1	0.005160974	0.980365439	0.014473587
1	1	0.002632196	0.981633892	0.015733913
1	1	0.004451141	0.964934765	0.030614094
1	1	0.004204933	0.977070088	0.018724979
1	1	0.008985331	0.820811408	0.170203261
1	1	0.003456194	0.978448223	0.018095583
1	1	0.009043143	0.970689598	0.020267259
1	1	0.00133666	0.993043102	0.005620238
1	1	0.003194105	0.983489356	0.013316539
1	1	0.001320602	0.993454224	0.005225173
1	1	0.001558749	0.991762151	0.0066791
1	1	0.015410869	0.961863963	0.022725168
1	1	0.016291914	0.952384576	0.03132351
1	1	0.005319071	0.976620946	0.018059983
1	1	0.004810978	0.955944953	0.039244069
1	1	0.004616624	0.976879808	0.018503569
1	1	0.006636272	0.964925041	0.028438687
1	1	0.007063572	0.956758437	0.036177991
1	1	0.005117655	0.972817266	0.02206508
1	1	0.010759433	0.975044246	0.014196321
1	1	0.002875274	0.984021639	0.013103087
1	1	0.002151585	0.990197659	0.007650757
1	1	0.004312327	0.972896402	0.022791271
1	1	0.006356202	0.962978517	0.030665281
1	1	0.000432429	0.991642253	0.007925318
1	1	0.007350304	0.974614202	0.018035494
1	1	0.016106454	0.661903686	0.32198986
1	1	0.045249706	0.773786644	0.18096365
1	0	0.820304408	0.092017199	0.087678393
1	1	0.342506456	0.39710094	0.260392604
1	1	0.008640371	0.980581215	0.010778414
1	1	0.002952995	0.988135705	0.008911299
1	1	0.006226626	0.9805705	0.013202874
1	1	0.002326458	0.975204308	0.022469234
1	1	0.002704628	0.986205144	0.011090228
1	1	0.004701126	0.983779825	0.011519049
1	1	0.003144078	0.984880927	0.011974995
1	1	0.00330413	0.983063142	0.013632728
1	1	0.004953499	0.971551349	0.023495152
1	1	0.002843177	0.987347609	0.009809214
1	1	0.003269685	0.984558857	0.012171458
1	1	0.003725751	0.986406531	0.009867718
1	1	0.004969512	0.979186001	0.015844487
1	1	0.003257934	0.987022963	0.009719103
1	1	0.004371527	0.979568782	0.016059691
1	1	0.001951755	0.991212748	0.006835497
1	1	0.000821589	0.994445759	0.004732651
1	1	0.001569472	0.988550261	0.009880267
1	1	0.327715922	0.627000378	0.0452837
1	1	0.008680731	0.966813571	0.024505699
1	1	0.00181866	0.986536072	0.011645268
1	1	0.009196764	0.966374708	0.024428529
1	1	0.00246016	0.989031675	0.008508166
1	1	0.003876427	0.984874183	0.01124939
1	1	0.006886778	0.980834065	0.012279157
1	1	0.001304706	0.991062321	0.007632973
1	1	0.005348244	0.968616065	0.026035691
1	1	0.028605705	0.96449647	0.006897825
1	1	0.058369071	0.922867942	0.018762987
1	1	0.005540656	0.980549276	0.013910068
1	1	0.005847924	0.981406468	0.012745608
1	1	0.005225383	0.98518359	0.009591027
1	1	0.003257842	0.97854319	0.018198969
1	1	0.002875979	0.989889291	0.00723473
1	1	0.001884156	0.995833325	0.00228252
1	1	0.003249767	0.980422202	0.016328031
1	1	0.002760627	0.98995335	0.007286023
1	1	0.001060708	0.993403487	0.005535805
1	1	0.0041659	0.988147855	0.007686245
1	1	0.004672465	0.988893597	0.006433938
1	1	0.001128634	0.993275611	0.005595754
1	1	0.001009993	0.989344974	0.009645033
1	1	0.002574658	0.987441013	0.009984329
1	1	0.002648208	0.986223585	0.011128207
1	1	0.00176374	0.992509576	0.005726684
1	1	0.002503403	0.988363991	0.009132606
1	1	0.046862007	0.92603058	0.027107414
1	1	0.002306307	0.992619601	0.005074092
1	1	0.001532363	0.992285826	0.006181811
1	1	0.004430492	0.976632643	0.018936865
1	1	0.002239376	0.987520667	0.010239957
1	1	0.008220728	0.977559139	0.014220133
1	1	0.001363687	0.988799892	0.009836422
1	1	0.002440393	0.985509676	0.012049931
1	1	0.002181167	0.992532842	0.005285991
1	1	0.011478046	0.973829468	0.014692486
1	1	0.007001271	0.955936745	0.037061984
1	1	0.008983603	0.955467787	0.03554861
1	1	0.007555272	0.977253082	0.015191646
1	1	0.008247957	0.978837352	0.012914691
1	1	0.005357887	0.981389831	0.013252282
1	1	0.004334976	0.982319031	0.013345992
1	1	0.012641752	0.975651037	0.011707211
1	1	0.004053917	0.991365696	0.004580387
1	1	0.005452841	0.970330595	0.024216563
1	1	0.009650672	0.927532216	0.062817112
1	1	0.004541462	0.98510582	0.010352718
1	1	0.340894351	0.549205457	0.109900192
1	1	0.001810056	0.990943884	0.00724606
1	1	0.009128666	0.985076774	0.00579456
1	1	0.00250565	0.990736206	0.006758144
1	1	0.001482996	0.988772877	0.009744126
1	1	0.003767594	0.990130285	0.006102122
1	1	0.008779528	0.976156248	0.015064224
1	1	0.004250723	0.983078617	0.01267066
1	1	0.019290555	0.966919833	0.013789612
1	1	0.00335552	0.984768633	0.011875848
1	1	0.018524582	0.95527439	0.026201027
1	1	0.003840185	0.949390818	0.046768997
1	1	0.001736352	0.991963418	0.006300231
1	1	0.002559221	0.991979938	0.005460841
1	1	0.000941147	0.994007054	0.005051798
1	1	0.002745901	0.984180314	0.013073786
1	1	0.00505733	0.958757891	0.03618478
1	1	0.003268317	0.970076725	0.026654958
1	1	0.002942801	0.98630122	0.010755979
1	1	0.043508716	0.807757014	0.14873427
1	1	0.006699391	0.977224782	0.016075827
1	1	0.001714841	0.991105007	0.007180152
1	1	0.009816925	0.969429718	0.020753356
1	1	0.005770806	0.981038499	0.013190696
1	1	0.002945164	0.989960019	0.007094817
1	1	0.006122774	0.983300931	0.010576295
1	1	0.006387244	0.98093178	0.012680976
1	1	0.003515664	0.988737158	0.007747177
1	1	0.004231448	0.98077614	0.014992412
1	1	0.006376368	0.97808703	0.015536602
1	1	0.012659682	0.971481554	0.015858764
1	1	0.024087994	0.791012305	0.184899701
1	1	0.004135518	0.987930836	0.007933646
1	1	0.002168267	0.984395862	0.013435872
1	1	0.108102289	0.778740523	0.113157188
1	1	0.0012706	0.987018862	0.011710538
1	1	0.018360795	0.952812055	0.028827151
1	1	0.002662893	0.989216433	0.008120674
1	1	0.028553876	0.867653728	0.103792395
1	1	0.009556834	0.970446682	0.019996484
1	1	0.00277635	0.95426075	0.0429629
1	1	0.002117884	0.989121926	0.00876019
1	1	0.003681716	0.97552814	0.020790144
1	1	0.007422647	0.896712857	0.095864496
1	1	0.004831386	0.968485433	0.026683181
1	1	0.045795434	0.880054987	0.074149579
1	1	0.004409795	0.950443008	0.045147197
1	1	0.009686469	0.96076512	0.029548411
1	1	0.092339517	0.746407866	0.161252617
1	1	0.001586428	0.991565379	0.006848193
1	1	0.004831817	0.963933706	0.031234477
1	1	0.007115654	0.968159785	0.024724561
1	1	0.009227602	0.933461018	0.05731138
1	1	0.00534663	0.968226892	0.026426478
1	1	0.005634731	0.968694592	0.025670677
1	1	0.001966188	0.987914996	0.010118816
1	1	0.001920036	0.988653287	0.009426677
1	1	0.018598079	0.871624126	0.109777796
1	1	0.002623935	0.988585533	0.008790531
1	1	0.004755581	0.978987496	0.016256923
1	1	0.099245002	0.844370652	0.056384346
1	1	0.172807064	0.796140547	0.031052389
1	1	0.003742254	0.98101524	0.015242506
1	1	0.00414899	0.980012172	0.015838837
1	1	0.013007598	0.947316909	0.039675493
1	1	0.002763216	0.982593302	0.014643482
1	1	0.003237729	0.986114269	0.010648002
1	1	0.007230837	0.86433008	0.128439083
1	1	0.032987562	0.551824789	0.415187649
1	1	0.003549306	0.968891059	0.027559634
1	1	0.013407264	0.88571627	0.100876466
1	1	0.010202594	0.831758382	0.158039024
1	1	0.005099784	0.947377961	0.047522255
1	1	0.004495645	0.911151459	0.084352896
1	1	0.002660726	0.975840432	0.021498842
1	1	0.009560837	0.546194577	0.444244586
1	1	0.016481856	0.790021501	0.193496643
1	1	0.007405297	0.556571455	0.436023248
1	1	0.008312529	0.842997426	0.148690045
1	1	0.022451695	0.876876465	0.10067184
1	2	0.01067906	0.205261509	0.784059431
1	1	0.00312466	0.951962417	0.044912922
1	1	0.030120259	0.864021802	0.105857939
1	1	0.022357333	0.858472269	0.119170397
1	2	0.012897703	0.188830401	0.798271896
1	1	0.004198348	0.973688092	0.022113561
1	1	0.005200092	0.56848582	0.426314088
1	1	0.010320239	0.765329853	0.224349908
1	1	0.006270084	0.897389319	0.096340596
1	2	0.118683146	0.132602681	0.748714173
1	2	0.01198244	0.37564414	0.61237342
1	1	0.006552746	0.738620436	0.254826818
1	1	0.005052701	0.764730143	0.230217155
1	1	0.00558258	0.917498566	0.076918854
1	1	0.005682922	0.853090487	0.14122659
1	1	0.004221153	0.933656335	0.062122511
1	1	0.007618069	0.788177222	0.204204709
1	1	0.014718735	0.93834826	0.046933005
1	1	0.006075362	0.863454859	0.130469779
1	1	0.006458028	0.94173504	0.051806932
1	1	0.016125321	0.628848763	0.355025915
1	1	0.003613677	0.972068103	0.02431822
1	1	0.002421428	0.865716383	0.131862189
1	1	0.004846665	0.969994959	0.025158376
1	1	0.005002545	0.946855845	0.048141609
1	1	0.00682533	0.84213528	0.15103939
1	1	0.020852672	0.723197327	0.25595
1	1	0.068500337	0.639533282	0.291966381
1	2	0.007063699	0.009877593	0.983058708
1	2	0.021934922	0.191575113	0.786489966
1	2	0.012140062	0.027785406	0.960074532
1	1	0.007030796	0.974476062	0.018493142
1	2	0.005240957	0.098701899	0.896057144
1	1	0.004563008	0.942543412	0.05289358
1	2	0.018685952	0.060671374	0.920642675
1	2	0.022308719	0.404753236	0.572938045
1	1	0.005628655	0.954579158	0.039792186
1	2	0.012920436	0.093701132	0.893378432
1	1	0.009432243	0.908081316	0.082486441
1	2	0.015752774	0.235713352	0.748533874
1	2	0.012175998	0.36005854	0.627765462
1	2	0.004890176	0.033096524	0.9620133
1	1	0.017670068	0.621584654	0.360745279
1	1	0.003414685	0.916979648	0.079605667
1	1	0.013977544	0.919612166	0.066410291
1	1	0.010355944	0.869623781	0.120020275
1	1	0.003587199	0.972598847	0.023813954
1	1	0.007434624	0.973256826	0.01930855
1	1	0.003918338	0.967163564	0.028918098
1	1	0.010005909	0.696435927	0.293558165
1	1	0.004204682	0.93140916	0.064386158
1	1	0.012756645	0.5011735	0.486069855
1	1	0.003720226	0.965826774	0.030453
1	1	0.002970305	0.964070687	0.032959008
1	1	0.003858815	0.93576105	0.060380135
1	2	0.023106279	0.413147385	0.563746337
1	1	0.011063962	0.878128684	0.110807354
1	1	0.006485619	0.910493911	0.083020471
1	1	0.004120539	0.980030816	0.015848645
1	1	0.024391651	0.887528752	0.088079597
1	2	0.166774121	0.234238618	0.598987261
1	1	0.003548024	0.836721043	0.159730933
1	1	0.012787245	0.924218206	0.062994549
1	1	0.004530765	0.872873671	0.122595564
1	2	0.263804776	0.030411151	0.705784073
1	1	0.026700109	0.89039719	0.082902701
1	1	0.002421272	0.971744685	0.025834043
1	1	0.01021529	0.948788253	0.040996457
1	1	0.006605289	0.940649619	0.052745092
1	1	0.005408813	0.93807485	0.056516337
1	1	0.004411631	0.967237875	0.028350494
1	1	0.001479266	0.976179228	0.022341506
1	1	0.021281195	0.940135339	0.038583466
1	1	0.00959393	0.868989108	0.121416962
1	1	0.001586005	0.98606076	0.012353235
1	1	0.004952678	0.941362603	0.053684719
1	1	0.00793728	0.942249988	0.049812732
1	1	0.008302007	0.714010238	0.277687755
1	1	0.002363962	0.974221921	0.023414117
1	1	0.044380419	0.821718897	0.133900684
1	1	0.010349119	0.831807797	0.157843084
1	1	0.00946301	0.969800593	0.020736397
1	1	0.003441845	0.911058909	0.085499246
1	2	0.051790037	0.32927649	0.618933473
1	1	0.003358459	0.976019054	0.020622488
1	2	0.071658247	0.371262089	0.557079664
1	2	0.047426583	0.060915209	0.891658208
1	1	0.009013177	0.923792581	0.067194243
1	1	0.011334495	0.907551896	0.081113609
1	2	0.004152659	0.431794049	0.564053292
1	2	0.013735925	0.447964805	0.53829927
1	1	0.002445366	0.869392661	0.128161973
1	2	0.01369794	0.104078507	0.882223553
1	1	0.004480449	0.71696237	0.278557181
1	1	0.008080096	0.780085721	0.211834183
1	2	0.006385559	0.426852704	0.566761737
1	1	0.015464476	0.925788207	0.058747317
1	1	0.001868718	0.979216333	0.01891495
1	1	0.004923059	0.980468054	0.014608887
1	1	0.003807543	0.979834995	0.016357462
1	1	0.0030638	0.965509558	0.031426642
1	2	0.009699972	0.48136365	0.508936378
1	1	0.003821113	0.961641523	0.034537364
1	1	0.004368124	0.95025813	0.045373746
1	1	0.022204649	0.92214426	0.055651091
1	1	0.004850392	0.873108297	0.122041311
1	1	0.002621326	0.990965976	0.006412699
1	1	0.017902295	0.967996942	0.014100763
1	0	0.762379462	0.207046709	0.03057383
1	1	0.002963006	0.978092669	0.018944325
1	1	0.009882592	0.682986283	0.307131126
1	1	0.018068586	0.955633887	0.026297526
1	1	0.005588065	0.967613781	0.026798154
1	2	0.01254795	0.02203776	0.96541429
1	1	0.006184628	0.968033624	0.025781749
1	1	0.005607714	0.947420683	0.046971603
1	1	0.003749033	0.967966921	0.028284046
1	1	0.002484739	0.982565917	0.014949344
1	1	0.004343219	0.977321706	0.018335075
1	1	0.006097464	0.932596826	0.06130571
1	1	0.005286527	0.95409343	0.040620042
1	1	0.001769605	0.984423662	0.013806733
1	1	0.00707979	0.962413573	0.030506637
1	1	0.012442793	0.974029478	0.013527729
1	1	0.010003319	0.95119293	0.038803751
1	1	0.003710025	0.979202622	0.017087353
1	1	0.006782964	0.882107756	0.11110928
1	1	0.005323696	0.976981558	0.017694746
1	1	0.004608364	0.9638858	0.031505837
1	1	0.00391326	0.969781433	0.026305307
1	1	0.021780203	0.796638865	0.181580932
1	2	0.01012569	0.037102181	0.952772129
1	1	0.003656781	0.973875414	0.022467805
1	1	0.019594625	0.958486342	0.021919032
1	1	0.073938675	0.860003134	0.066058191
1	1	0.00755744	0.93835888	0.05408368
1	1	0.004737432	0.975446457	0.019816111
1	1	0.019351803	0.925270019	0.055378177
1	1	0.004543637	0.973529165	0.021927198
1	1	0.003562016	0.97762539	0.018812594
1	1	0.00239259	0.974453203	0.023154207
1	1	0.001557568	0.987548288	0.010894144
1	1	0.009227428	0.916608457	0.074164114
1	1	0.001357949	0.988486957	0.010155094
1	1	0.056325377	0.521362288	0.422312335
1	1	0.002469846	0.968216435	0.02931372
1	1	0.017504318	0.927736361	0.054759321
1	1	0.002919401	0.9844455	0.012635099
1	1	0.005145159	0.969088828	0.025766012
1	1	0.001842875	0.965288231	0.032868894
1	1	0.023796751	0.764444206	0.211759044
1	1	0.008974487	0.969602071	0.021423442
1	1	0.015818081	0.965217706	0.018964213
1	1	0.031567367	0.888312763	0.08011987
1	2	0.054655357	0.298732116	0.646612527
1	2	0.027749345	0.116386	0.855864655
1	1	0.003328624	0.979614404	0.017056972
1	2	0.016064876	0.359507589	0.624427535
1	1	0.004612819	0.886551501	0.10883568
1	1	0.002746168	0.918375516	0.078878316
1	1	0.007379486	0.909781095	0.082839418
1	1	0.009887238	0.822250316	0.167862446
1	2	0.004750866	0.358212679	0.637036456
1	1	0.004915157	0.969347997	0.025736846
1	1	0.005787844	0.915124259	0.079087897
1	1	0.008237232	0.917969728	0.07379304
1	1	0.0081286	0.711367189	0.280504211
1	1	0.00739464	0.937911286	0.054694074
1	1	0.008015201	0.648810004	0.343174794
1	1	0.027479618	0.872222503	0.10029788
1	1	0.013854132	0.907944779	0.078201088
1	1	0.006017522	0.933625567	0.060356912
1	2	0.189929148	0.178600434	0.631470418
1	2	0.005334297	0.445303968	0.549361735
1	1	0.00416646	0.939235933	0.056597607
1	2	0.044733837	0.435733231	0.519532932
1	1	0.01881479	0.574295046	0.406890164
1	1	0.011147851	0.765589976	0.223262173
1	2	0.007049835	0.139826758	0.853123407
1	1	0.027668046	0.500285127	0.472046827
1	1	0.001802077	0.988353155	0.009844767
1	1	0.004039312	0.960519513	0.035441176
1	2	0.059341799	0.243986751	0.696671451
1	2	0.231054317	0.060018498	0.708927185
1	1	0.007891552	0.713364721	0.278743727
1	1	0.008103423	0.890414055	0.101482522
1	2	0.016941333	0.402403916	0.580654752
1	2	0.040472513	0.028188752	0.931338735
1	1	0.012077056	0.594373217	0.393549728
1	1	0.01365733	0.550196975	0.436145695
1	1	0.018214244	0.921961934	0.059823822
1	2	0.018352915	0.340865653	0.640781432
1	1	0.003189146	0.788516321	0.208294534
1	1	0.002632083	0.991853448	0.005514469
1	1	0.017366784	0.791998441	0.190634775
1	1	0.006765584	0.899238759	0.093995657
1	1	0.004164003	0.97309028	0.022745717
1	1	0.00941533	0.67252494	0.31805973
1	1	0.008788904	0.81720505	0.174006046
1	1	0.008492379	0.925717536	0.065790086
1	1	0.001779322	0.988345422	0.009875256
1	1	0.005313385	0.910987441	0.083699174
1	1	0.016085957	0.879845818	0.104068224
1	2	0.00888641	0.488247862	0.502865727
1	1	0.008481373	0.65627003	0.335248597
1	1	0.01588465	0.85103498	0.13308037
1	1	0.028264611	0.64053933	0.331196059
1	1	0.006945259	0.948194168	0.044860573
1	1	0.011586219	0.870716446	0.117697335
1	2	0.220919969	0.060195675	0.718884356
1	2	0.017054175	0.087882002	0.895063823
1	2	0.401022984	0.004478189	0.594498827
1	1	0.006499823	0.971727083	0.021773094
1	1	0.040571028	0.63425699	0.325171982
1	1	0.007864083	0.897673127	0.09446279
1	1	0.001520329	0.803298788	0.195180883
1	1	0.003372951	0.955168752	0.041458297
1	1	0.002118905	0.952508901	0.045372194
1	2	0.037515963	0.068072037	0.894412
1	1	0.00646835	0.891781422	0.101750228
1	1	0.015486612	0.897376881	0.087136507
1	1	0.001675824	0.978386626	0.019937551
1	1	0.004202146	0.906050786	0.089747068
1	1	0.009828662	0.790134237	0.2000371
1	1	0.026843463	0.844734458	0.128422079
1	2	0.186399823	0.023314931	0.790285247
1	1	0.0014959	0.989429057	0.009075043
1	1	0.008227754	0.900466563	0.091305683
1	1	0.002748195	0.979599891	0.017651914
1	1	0.004847529	0.985519717	0.009632754
1	1	0.00450302	0.993514104	0.001982876
1	1	0.001991044	0.987285227	0.010723729
1	1	0.004659152	0.951303708	0.04403714
1	1	0.003278061	0.989057035	0.007664904
1	1	0.006739421	0.985623051	0.007637528
1	1	0.002455371	0.99056722	0.00697741
1	1	0.002338096	0.990526729	0.007135176
1	1	0.001501829	0.991068485	0.007429686
1	1	0.00268726	0.989423322	0.007889417
1	1	0.003140141	0.991151864	0.005707995
1	1	0.00074089	0.99614888	0.00311023
1	1	0.00194698	0.993246952	0.004806068
1	1	0.000457463	0.99689073	0.002651807
1	1	0.003225647	0.98923653	0.007537823
1	1	0.002321395	0.990260909	0.007417696
1	1	0.003499671	0.975518247	0.020982083
1	1	0.002770702	0.990391944	0.006837354
1	1	0.002038482	0.987034862	0.010926657
1	1	0.000584433	0.996936488	0.002479079
1	1	0.00164004	0.991204179	0.007155781
1	1	0.016790193	0.941896075	0.041313732
1	1	0.371458482	0.585775787	0.042765731
1	1	0.001475265	0.992907512	0.005617224
1	1	0.002699576	0.988901574	0.00839885
1	1	0.005783285	0.778735885	0.215480829
1	1	0.009775721	0.897131008	0.093093271
1	2	0.003893067	0.295744928	0.700362005
1	2	0.004819161	0.000919799	0.99426104
1	2	0.006182555	0.015893839	0.977923606
1	1	0.140657813	0.546333768	0.313008418
1	1	0.00625491	0.854286631	0.139458459
1	1	0.007902593	0.897569889	0.094527518
1	1	0.017033166	0.70258219	0.280384644
1	1	0.002819703	0.946652094	0.050528203
1	1	0.012890375	0.805514265	0.18159536
1	1	0.036316604	0.826066315	0.137617081
1	1	0.009941556	0.799849437	0.190209007
1	1	0.00184595	0.974372881	0.023781169
1	1	0.007641541	0.840081765	0.152276695
1	1	0.002976875	0.979923198	0.017099927
1	1	0.06095811	0.640268046	0.298773844
2	2	0.015539518	0.005015265	0.979445217
2	2	0.012852029	0.001399062	0.98574891
2	2	0.200992429	0.029564291	0.76944328
2	2	0.031583191	0.020444728	0.947972081
2	2	0.051423596	0.019029628	0.929546776
2	2	0.010413346	0.002173825	0.98741283
2	2	0.024735605	0.005993909	0.969270486
2	2	0.008424818	0.00189493	0.989680252
2	0	0.830351365	0.004019868	0.165628767
2	2	0.06938358	0.110824762	0.819791659
2	2	0.016829478	0.002798635	0.980371887
2	2	0.009774641	0.001426026	0.988799333
2	0	0.545548835	0.0069441	0.447507065
2	2	0.041923176	0.003050602	0.955026223
2	2	0.019032747	0.001448837	0.979518416
2	2	0.010428027	0.005009805	0.984562168
2	2	0.133974284	0.007043801	0.858981916
2	2	0.057142173	0.004864882	0.937992945
2	0	0.93281968	0.003992477	0.063187842
2	2	0.393150239	0.002053389	0.604796372
2	2	0.184451437	0.027163827	0.788384736
2	2	0.0158703	0.004132776	0.979996924
2	2	0.023375451	0.00527504	0.971349509
2	2	0.03286775	0.00669186	0.96044039
2	2	0.159961538	0.031091467	0.808946996
2	2	0.02485965	0.003247047	0.971893302
2	2	0.124021349	0.008532255	0.867446396
2	2	0.024365087	0.002958704	0.972676209
2	2	0.010410078	0.001993266	0.987596656
2	2	0.007705749	0.000647761	0.99164649
2	2	0.030310879	0.020596202	0.949092918
2	2	0.012042941	0.002230841	0.985726218
2	2	0.008846109	0.001378888	0.989775003
2	2	0.019083042	0.006343306	0.974573652
2	2	0.050667097	0.076384265	0.872948638
2	2	0.019249712	0.004717581	0.976032707
2	2	0.016199677	0.005329148	0.978471175
2	2	0.009144482	0.000711308	0.99014421
2	0	0.863756781	0.00554497	0.130698249
2	2	0.045933076	0.004044611	0.950022312
2	2	0.003198857	0.003142735	0.993658408
2	2	0.066055692	0.005789803	0.928154505
2	2	0.034522802	0.011232597	0.954244601
2	2	0.041212324	0.007099592	0.951688084
2	0	0.929553021	0.001115167	0.069331812
2	2	0.025741137	0.004749267	0.969509596
2	2	0.02592331	0.033359499	0.940717191
2	2	0.016003243	0.13207783	0.851918928
2	2	0.003492346	8.28498E-05	0.996424804
2	2	0.014415446	0.00259322	0.982991334
2	2	0.006621094	0.001341731	0.992037175
2	2	0.126091299	0.006069682	0.867839019
2	2	0.028482678	0.005775912	0.96574141
2	2	0.118002738	0.00350436	0.878492902
2	2	0.038605337	0.004694025	0.956700638
2	2	0.008282362	0.003672704	0.988044934
2	2	0.344640433	0.006639268	0.648720299
2	2	0.012928566	0.001186893	0.985884541
2	2	0.192497028	0.010482222	0.79702075
2	0	0.845214127	0.005436253	0.14934962
2	0	0.95841296	0.001422732	0.040164308
2	2	0.02640409	0.006189281	0.967406629
2	2	0.016942486	0.109281203	0.873776311
2	2	0.018869211	0.002718096	0.978412693
2	2	0.005481397	0.001290797	0.993227805
2	2	0.024077969	0.001546041	0.974375991
2	2	0.02496453	0.003909682	0.971125788
2	2	0.009042647	0.002098142	0.988859211
2	2	0.018853064	0.010099394	0.971047542
2	2	0.010518306	0.00421023	0.985271464
2	2	0.008375604	0.001210245	0.990414151
2	2	0.02325244	0.001189116	0.975558444
2	2	0.029709893	0.002630779	0.967659328
2	2	0.027260533	0.033904237	0.93883523
2	2	0.016605389	0.001457507	0.981937105
2	2	0.032445874	0.017163299	0.950390827
2	2	0.092837291	0.403730833	0.503431876
2	2	0.352797679	0.045841727	0.601360594
2	2	0.00613157	0.001047023	0.992821407
2	2	0.044668591	0.005228219	0.95010319
2	2	0.020709529	0.00111026	0.978180212
2	2	0.069567299	0.047636278	0.882796422
2	2	0.000684989	0.000222472	0.999092539
2	2	0.036641721	0.109737101	0.853621178
2	2	0.017410499	0.004624986	0.977964515
2	2	0.031358364	0.007443052	0.961198583
2	0	0.546879769	0.002813499	0.450306732
2	2	0.004094109	0.000302265	0.995603625
2	0	0.514411721	0.009728152	0.475860127
2	2	0.141532957	0.004722001	0.853745042
2	2	0.197757724	0.002457495	0.79978478
2	2	0.276758968	0.007336391	0.715904641
2	2	0.023282328	0.004582729	0.972134943
2	2	0.029574169	0.001390275	0.969035557
2	2	0.009678122	0.001644716	0.988677162
2	2	0.020675816	0.002931648	0.976392536
2	2	0.049162129	0.209227797	0.741610073
2	2	0.069004662	0.002399053	0.928596285
2	2	0.117286019	0.006407797	0.876306184
2	2	0.015157775	0.004978425	0.9798638
2	2	0.032324373	0.007494891	0.960180736
2	2	0.029444022	0.004336601	0.966219377
2	2	0.011705845	0.008161176	0.98013298
2	2	0.003557988	0.000792625	0.995649387
2	2	0.169389791	0.012413722	0.818196487
2	2	0.27109292	0.09063692	0.638270159
2	2	0.018622034	0.113504846	0.86787312
2	2	0.057959389	0.004985046	0.937055565
2	2	0.019692783	0.006656889	0.973650328
2	2	0.044681312	0.002566018	0.95275267
2	0	0.674933343	0.022617274	0.302449383
2	2	0.210250662	0.019587673	0.770161665
2	2	0.024712911	0.003316221	0.971970868
2	2	0.069601336	0.048758706	0.881639958
2	2	0.118085292	0.001663639	0.88025107
2	2	0.040287502	0.002771923	0.956940575
2	2	0.00443795	0.000412918	0.995149132
2	2	0.009866001	0.38702704	0.60310696
2	2	0.008779765	0.006901575	0.984318659
2	2	0.009332923	0.006546616	0.98412046
2	2	0.025934257	0.00477486	0.969290883
2	2	0.049430806	0.004823375	0.945745819
2	2	0.038069845	0.310791571	0.651138584
2	2	0.011641758	0.012908661	0.975449581
2	2	0.015067891	0.006583497	0.978348612
2	2	0.015591486	0.001589509	0.982819006
2	2	0.032107923	0.006672555	0.961219522
2	2	0.029352839	0.003656072	0.966991089
2	2	0.082905675	0.004032569	0.913061756
2	2	0.01081033	0.003045917	0.986143753
2	2	0.019027129	0.00857427	0.972398601
2	2	0.004672464	0.000482819	0.994844716
2	2	0.03914465	0.003223165	0.957632185
2	2	0.010527499	0.000475966	0.988996535
2	2	0.005019931	0.00080205	0.994178018
2	2	0.005295556	0.001468686	0.993235758
2	0	0.642761632	0.00942225	0.347816118
2	2	0.020963945	0.002897951	0.976138103
2	2	0.014215685	0.001666201	0.984118115
2	0	0.790947382	0.002091395	0.206961223
2	2	0.016786811	0.001014599	0.98219859
2	2	0.016597312	0.00321826	0.980184428
2	2	0.027075397	0.003865633	0.96905897
2	2	0.016411241	0.005924323	0.977664436
2	2	0.029886564	0.008599543	0.961513893
2	2	0.057454217	0.004040581	0.938505203
2	2	0.127402959	0.011028193	0.861568848
2	2	0.017344845	0.00173082	0.980924335
2	2	0.03298556	0.011576416	0.955438024
2	2	0.020684659	0.011257024	0.968058316
2	2	0.024859955	0.009242	0.965898045
2	2	0.020992066	0.002342092	0.976665842
2	2	0.037394853	0.003756671	0.958848477
2	2	0.049752804	0.014105529	0.936141668
2	2	0.028104394	0.072047524	0.899848082
2	2	0.068397686	0.012829395	0.918772919
2	2	0.056565608	0.005573934	0.937860457
2	2	0.017914118	0.004985776	0.977100106
2	2	0.010211657	0.005095358	0.984692985
2	2	0.036952409	0.124366248	0.838681343
2	2	0.173909316	0.006230359	0.819860325
2	2	0.378177121	0.004333011	0.617489868
2	0	0.968967566	0.000974365	0.030058069
2	0	0.677615445	0.014390668	0.307993887
2	2	0.061617718	0.004780999	0.933601284
2	2	0.013863113	0.189394386	0.796742501
2	0	0.66310895	0.004457728	0.332433322
2	2	0.032601338	0.003820775	0.963577887
2	2	0.03702537	0.010366748	0.952607882
2	2	0.040123874	0.003193673	0.956682453
2	0	0.699498882	0.002211706	0.298289412
2	2	0.027329769	0.003077066	0.969593164
2	2	0.022603421	0.001846702	0.975549877
2	2	0.01806489	0.003093089	0.978842021
2	2	0.098559788	0.018229904	0.883210308
2	2	0.009942424	0.002227346	0.98783023
2	2	0.047320597	0.001744461	0.950934942
2	2	0.141924428	0.066207564	0.791868007
2	2	0.0752963	0.01489806	0.90980564
2	2	0.007910716	0.002867723	0.989221561
2	2	0.043683374	0.023258428	0.933058198
2	2	0.383390977	0.010987467	0.605621556
2	2	0.034601862	0.003885717	0.961512422
2	2	0.013653063	0.00102949	0.985317447
2	2	0.056039794	0.003694932	0.940265275
2	2	0.104524416	0.016795663	0.878679921
2	2	0.013342744	0.00211906	0.984538196
2	2	0.006374471	0.001448895	0.992176634
2	2	0.051329366	0.025177809	0.923492824
2	2	0.02644207	0.009206008	0.964351922
2	0	0.575845063	0.001718649	0.422436288
2	2	0.026296824	0.003652633	0.970050543
2	2	0.444558261	0.013216699	0.54222504
2	2	0.30478281	0.003069453	0.692147737
2	2	0.241983113	0.017337433	0.740679453
2	2	0.05615381	0.002609594	0.941236596
2	0	0.847094152	0.002293117	0.150612731
2	2	0.38223434	0.015900235	0.601865426
2	2	0.020403911	0.003533633	0.976062456
2	2	0.01344495	0.001887973	0.984667077
2	2	0.020472278	0.001467077	0.978060645
2	1	0.05396184	0.588558975	0.357479184
2	0	0.544907253	0.026324909	0.428767838
2	0	0.981917779	0.003396032	0.01468619
2	0	0.979111207	0.001286526	0.019602267
2	2	0.003327042	3.89251E-05	0.996634033
2	0	0.604386541	0.020842912	0.374770546
2	2	0.164981682	0.012118515	0.822899803
2	2	0.021199238	0.001137537	0.977663225
2	2	0.020966196	0.002400342	0.976633462
2	2	0.011588088	0.004065667	0.984346245
2	2	0.018324258	0.003855597	0.977820145
2	2	0.102750558	0.006819624	0.890429818
2	2	0.060715559	0.005729338	0.933555103
2	2	0.068296548	0.003213817	0.928489636
2	2	0.172229239	0.010617742	0.817153019
2	2	0.019447058	0.001392215	0.979160727
2	2	0.037141471	0.013169903	0.949688626
2	2	0.012566894	0.004180647	0.983252459
2	2	0.024913097	0.002466731	0.972620173
2	2	0.055791145	0.004645575	0.93956328
2	2	0.245018322	0.021990994	0.732990684
2	2	0.141090416	0.00893969	0.849969894
2	2	0.020144705	0.004461306	0.975393989
2	0	0.54992045	0.00539123	0.44468832
2	2	0.077062632	0.002159806	0.920777562
2	2	0.0065305	0.000714969	0.992754532
2	0	0.959797913	0.001246479	0.038955609
2	0	0.699326199	0.028451967	0.272221834
2	2	0.311606129	0.007136625	0.681257246
2	0	0.574034934	0.00987978	0.416085286
2	2	0.030402241	0.008749673	0.960848086
2	2	0.035797971	0.412398958	0.55180307
2	0	0.779949915	0.003108156	0.216941928
2	0	0.973167917	0.001104681	0.025727402
2	0	0.57229494	0.00787312	0.41983194
2	2	0.020452065	0.005282418	0.974265517
2	2	0.26659567	0.002536114	0.730868216
2	0	0.530789368	0.039648982	0.429561651
2	2	0.343498062	0.013735469	0.642766469
2	2	0.176758896	0.006610681	0.816630423
2	2	0.267388044	0.007083024	0.725528932
2	2	0.012955168	0.006611396	0.980433437
2	0	0.992838911	0.002112704	0.005048385
2	2	0.05154832	0.05354485	0.894906831
2	2	0.054540052	0.088290749	0.857169199
2	2	0.075693336	0.036645481	0.887661183
2	2	0.066268111	0.012779072	0.920952817
2	2	0.089020703	0.15488284	0.756096458
2	0	0.600548109	0.005336888	0.394115003
2	2	0.066785902	0.010340746	0.922873352
2	2	0.228187285	0.00383039	0.767982324
2	0	0.808504537	0.002714713	0.18878075
2	2	0.068438457	0.002630134	0.928931409
2	2	0.039833114	0.005274577	0.954892309
2	0	0.990791343	0.000687911	0.008520747
2	2	0.056245054	0.002872602	0.940882345
2	2	0.110743431	0.011195547	0.878061022
2	2	0.108371785	0.003276474	0.888351741
2	2	0.006733094	0.004029067	0.989237839
2	2	0.0049025	0.002876992	0.992220507
2	2	0.019802297	0.001230718	0.978966985
2	2	0.10560486	0.01150181	0.882893331
2	2	0.040560531	0.025048037	0.934391433
2	0	0.543318596	0.006254467	0.450426937
2	0	0.952592512	0.001239474	0.046168014
2	2	0.235602048	0.01291829	0.751479662
2	2	0.022420791	0.001846494	0.975732715
2	0	0.523081005	0.015716896	0.461202098
2	2	0.240889653	0.022588456	0.736521891
2	2	0.123925252	0.011896909	0.864177839
2	2	0.017035987	0.012350888	0.970613126
2	2	0.093200933	0.08945697	0.817342097
2	2	0.01014477	0.000989712	0.988865518
2	2	0.027105046	0.038854345	0.934040609
2	2	0.017651978	0.004212886	0.978135137
2	1	0.015995015	0.550858016	0.433146969
2	2	0.007317607	0.006655765	0.986026628
2	0	0.952633118	0.002646478	0.044720404
2	2	0.013020064	0.002029301	0.984950635
2	2	0.060386526	0.003378953	0.936234521
2	2	0.017045082	0.003043967	0.979910951
2	2	0.389145214	0.006142627	0.604712159
2	2	0.006959993	0.00078669	0.992253318
2	2	0.291923498	0.164053366	0.544023136
2	2	0.428964519	0.018689731	0.55234575
2	2	0.06273702	0.055122154	0.882140825
2	0	0.960484619	0.001657546	0.037857835
2	0	0.873106078	0.003724964	0.123168958
2	2	0.033991671	0.338463248	0.627545082
2	2	0.004439321	0.000203681	0.995356998
2	2	0.086427817	0.142324489	0.771247694
2	2	0.020947893	0.009399327	0.969652781
2	0	0.740435403	0.005436516	0.254128081
2	2	0.040652718	0.003148625	0.956198658
2	0	0.974061843	0.002266586	0.023671571
2	2	0.137815376	0.014325124	0.847859499
2	2	0.021787439	0.042757029	0.935455532
2	2	0.04313485	0.00222806	0.95463709
2	2	0.027784886	0.002897627	0.969317487
2	2	0.042657856	0.003201154	0.95414099
2	2	0.073268817	0.071018124	0.855713059
2	0	0.895147792	0.002707671	0.102144537
2	0	0.975842324	0.000924041	0.023233635
2	0	0.970570776	0.000941185	0.028488039
2	2	0.074590783	0.009683438	0.915725779
2	2	0.091654626	0.002808997	0.905536377
2	0	0.894459207	0.006034659	0.099506135
2	2	0.012642962	0.000918789	0.986438249
2	2	0.192867341	0.001278647	0.805854012
2	2	0.006252482	0.002684188	0.99106333
2	2	0.331033217	0.008386462	0.660580321
2	2	0.284028358	0.003831951	0.712139691
2	2	0.01887912	0.004052591	0.977068289
2	2	0.137687608	0.005955335	0.856357057
2	2	0.036012943	0.004999203	0.958987854
2	2	0.116421541	0.004022154	0.879556305
2	2	0.016002015	0.000992543	0.983005442
2	2	0.041087468	0.017573695	0.941338838
2	0	0.572705462	0.038064099	0.389230439
2	2	0.031995183	0.00574417	0.962260647
2	2	0.035050811	0.012726657	0.952222532
2	2	0.018085051	0.00540425	0.976510698
2	1	0.050243624	0.538390242	0.411366134
2	2	0.028994406	0.009978202	0.961027392
2	2	0.283350204	0.007275289	0.709374506
2	2	0.20007126	0.004983207	0.794945534
2	2	0.389974914	0.002749674	0.607275412
2	0	0.949307558	0.001721219	0.048971223
2	2	0.121986909	0.006863474	0.871149617
2	2	0.017933561	0.003710156	0.978356283
2	2	0.057355807	0.002367594	0.9402766
2	0	0.572412454	0.00615497	0.421432577
2	0	0.979399876	0.00085039	0.019749734
2	0	0.99904757	6.15074E-05	0.000890923
2	0	0.588476184	0.014603138	0.396920678
2	0	0.953754852	0.001377963	0.044867184
2	2	0.040777191	0.003351885	0.955870924
2	2	0.120055421	0.002816101	0.877128477
2	2	0.031867338	0.002308693	0.965823969
2	2	0.006376792	0.000787545	0.992835663
2	0	0.723008277	0.122085384	0.154906339
2	2	0.035524742	0.004382982	0.960092276
2	0	0.891105886	0.006915486	0.101978628
2	2	0.023811034	0.00205474	0.974134226
2	2	0.046483455	0.018002244	0.935514301
2	2	0.03004681	0.005601064	0.964352126
2	0	0.829096319	0.005194167	0.165709513
2	2	0.086459259	0.008143934	0.905396807
2	2	0.017582017	0.003765485	0.978652498
2	2	0.015260479	0.001289902	0.983449619
2	2	0.033282037	0.0023067	0.964411263
2	2	0.492335877	0.001297399	0.506366725
2	2	0.077530967	0.018244751	0.904224282
2	2	0.013207087	0.004044078	0.982748835
2	2	0.034159048	0.221478938	0.744362015
2	2	0.01004336	0.001631519	0.988325121
2	2	0.067561357	0.003413152	0.929025491
2	2	0.115168354	0.013611228	0.871220418
2	2	0.060886019	0.003499442	0.935614539
2	2	0.084805516	0.003722742	0.911471741
2	0	0.700764729	0.005061041	0.29417423
2	0	0.76974961	0.006514727	0.223735663
2	0	0.643340036	0.00671587	0.349944094
2	0	0.959094951	0.001504093	0.039400956
2	2	0.017537482	0.005507663	0.976954854
2	2	0.03071679	0.009881946	0.959401265
2	2	0.078085622	0.00206867	0.919845708
2	2	0.023870171	0.003085549	0.97304428
2	2	0.035661231	0.00823723	0.956101539
2	0	0.800408313	0.003590251	0.196001437
2	2	0.020147242	0.000817722	0.979035035
2	2	0.24965971	0.002866807	0.747473483
2	2	0.101965214	0.010602944	0.887431841
2	2	0.069995386	0.016645324	0.91335929
2	0	0.850315874	0.021802135	0.127881991
2	2	0.011134236	0.001811807	0.987053957
2	2	0.029173995	0.001522537	0.969303468
2	2	0.033666406	0.001456739	0.964876855
2	2	0.001631071	0.000285714	0.998083215
2	2	0.014142699	0.004929801	0.9809275
2	2	0.004055104	0.000115207	0.995829689
2	2	0.175381097	0.01920098	0.805417924
2	2	0.194647972	0.045979362	0.759372666
2	2	0.041369243	0.002171977	0.95645878
2	2	0.129580075	0.006829142	0.863590784
2	2	0.014510536	0.001539527	0.983949937
2	2	0.199095194	0.057840144	0.743064662
2	0	0.976520806	0.001576798	0.021902396
2	2	0.018525359	0.0021722	0.979302441
2	0	0.910414822	0.001764205	0.087820973
2	2	0.060655681	0.004188377	0.935155942
2	1	0.031851087	0.852498552	0.115650361
2	2	0.173500592	0.010363407	0.816136002
2	2	0.025825292	0.00227335	0.971901359
2	2	0.018259787	0.001300438	0.980439775
2	2	0.303062524	0.248872106	0.448065369
2	0	0.770569298	0.031378709	0.198051994
2	2	0.07092892	0.014295978	0.914775102
2	2	0.019915487	0.00365976	0.976424752
2	2	0.013974208	0.003119939	0.982905853
2	2	0.170363456	0.022385963	0.807250581
2	2	0.10019705	0.013251871	0.886551079
2	0	0.850234997	0.002458897	0.147306106
2	2	0.012391119	0.0013883	0.98622058
2	2	0.014686939	0.001477658	0.983835402
2	2	0.014295886	0.001265253	0.984438862
2	0	0.872134157	0.003485611	0.124380232
2	2	0.01777536	0.012110989	0.970113651
2	2	0.219365214	0.021683205	0.758951582
2	0	0.981345436	0.000859439	0.017795125
2	2	0.204550508	0.024737367	0.770712126
2	2	0.090199365	0.011214666	0.898585969
2	2	0.09642657	0.003675105	0.899898325
2	0	0.928052471	0.002921182	0.069026347
2	0	0.943117404	0.001785843	0.055096752
2	0	0.965553745	0.000947718	0.033498537
2	0	0.931516916	0.00139447	0.067088614
2	2	0.113078287	0.015888259	0.871033454
2	2	0.099336654	0.002443703	0.898219642
2	0	0.704041839	0.003846016	0.292112145
2	2	0.039938981	0.004734863	0.955326156
2	2	0.061567871	0.00642528	0.932006849
2	2	0.338407564	0.011606334	0.649986102
2	2	0.039749786	0.005065761	0.955184452
2	2	0.468414434	0.011104533	0.520481033
2	2	0.102675647	0.003709418	0.893614935
2	0	0.585607194	0.002340932	0.412051873
2	0	0.571043907	0.003625768	0.425330325
2	0	0.782338599	0.00580946	0.211851941
2	0	0.851726426	0.005542055	0.142731519
2	2	0.444258256	0.005583445	0.550158298
2	2	0.015405894	0.003027236	0.98156687
2	2	0.031062192	0.003876728	0.96506108
2	2	0.018530271	0.0007314	0.980738328
2	2	0.07961416	0.003400056	0.916985784
2	2	0.029968529	0.003467202	0.96656427
2	0	0.867668139	0.003872922	0.128458939
2	2	0.048331245	0.00931735	0.942351405
2	0	0.523882969	0.011706782	0.464410249
2	2	0.087906046	0.031348568	0.880745387
2	2	0.013708446	0.013166979	0.973124575
2	2	0.015918658	0.0136003	0.970481042
2	0	0.980153229	0.002848547	0.016998225
2	2	0.013832942	0.061667241	0.924499817
2	2	0.057720325	0.020865756	0.921413919
2	2	0.015657919	0.000980568	0.983361513
2	0	0.52375271	0.016710206	0.459537085
2	0	0.496539182	0.021500203	0.481960614
2	0	0.973969832	0.001566714	0.024463454
2	2	0.065201686	0.08518159	0.849616723
2	2	0.096899433	0.046241315	0.856859251
2	2	0.238312748	0.004747337	0.756939915
2	0	0.920471668	0.009843253	0.069685079
2	0	0.972152787	0.001073703	0.02677351
2	0	0.955229118	0.006608464	0.038162419
2	2	0.053334656	0.002230858	0.944434486
2	0	0.813023303	0.004127863	0.182848835
2	2	0.029757997	0.003919241	0.966322762
2	1	0.037155327	0.489413213	0.47343146
2	0	0.985040138	0.002131194	0.012828668
2	0	0.770619455	0.003976471	0.225404074
2	2	0.089506416	0.001616091	0.908877493
2	2	0.20655756	0.075435585	0.718006855
2	2	0.164408766	0.018577586	0.817013648
2	2	0.018237348	0.004484251	0.977278401
2	0	0.733174386	0.043889872	0.222935743
2	2	0.170934638	0.01382642	0.815238942
2	0	0.671923487	0.006818534	0.32125798
2	0	0.759240394	0.019570405	0.221189202
2	0	0.969719567	0.001224958	0.029055475
2	2	0.012551797	0.003607676	0.983840527
2	2	0.262118174	0.007917658	0.729964168
2	2	0.036605201	0.001514205	0.961880595
2	2	0.200094904	0.019750756	0.78015434
2	0	0.889019039	0.006780282	0.10420068
2	2	0.060252656	0.004466686	0.935280658
2	2	0.170082355	0.006566512	0.823351133
2	2	0.178035196	0.01192672	0.810038084
2	2	0.055138902	0.02992384	0.914937258
2	2	0.375272876	0.025192679	0.599534445
2	2	0.020812479	0.004952303	0.974235217
2	2	0.015461829	0.002554801	0.981983369
2	2	0.096316028	0.015450398	0.888233574
2	2	0.037080504	0.008797709	0.954121788
2	2	0.448932067	0.041036897	0.510031036
2	2	0.044926977	0.002907921	0.952165102
2	2	0.11166633	0.003397756	0.884935914
2	2	0.110629851	0.001531565	0.887838584
2	2	0.030828575	0.07272186	0.896449564
2	2	0.09210681	0.004959718	0.902933473
2	2	0.050161213	0.224425113	0.725413674
2	0	0.880192288	0.014683735	0.105123978
2	2	0.01514975	0.002562758	0.982287492
2	2	0.000575962	9.3246E-05	0.999330792
2	2	0.421414364	0.003328816	0.575256821
2	2	0.112314304	0.315135034	0.572550663
2	2	0.037884018	0.005186864	0.956929118
2	2	0.013629585	0.011267729	0.975102686
2	2	0.072915508	0.008346158	0.918738333
2	2	0.034640806	0.006127779	0.959231415
2	2	0.065741304	0.042293246	0.891965451
2	2	0.011746287	0.002075365	0.986178347
2	2	0.012672576	0.003313285	0.984014139
2	2	0.029873534	0.004986693	0.965139773
2	2	0.426049387	0.019124214	0.554826399
2	2	0.024183892	0.003008034	0.972808073
2	2	0.134241574	0.013626834	0.852131592
2	2	0.010559208	0.002906351	0.986534442
2	1	0.059605873	0.59511467	0.345279457
2	2	0.014408619	0.002672533	0.982918849
2	2	0.050800045	0.252749088	0.696450867
2	2	0.01837412	0.006620316	0.975005563
2	2	0.099997453	0.010070846	0.889931701
2	2	0.123390409	0.01055029	0.866059301
2	0	0.979307294	0.001215488	0.019477218
2	2	0.28953038	0.016894029	0.693575591
2	2	0.145207377	0.00460003	0.850192593
2	2	0.11653437	0.01164278	0.87182285
2	2	0.00913587	0.000860715	0.990003415
2	0	0.508401561	0.006975274	0.484623165
2	2	0.009303655	0.002079042	0.988617303
2	2	0.118039433	0.013763481	0.868197086
2	0	0.520376664	0.002796736	0.4768266
2	2	0.024679215	0.001564179	0.973756606
2	0	0.913163652	0.005652597	0.081183751
2	2	0.044135151	0.007862908	0.94800194
2	2	0.019921078	0.004941547	0.975137376
2	2	0.43044241	0.007775778	0.561781812
2	2	0.318221671	0.008372464	0.673405866
2	2	0.129762161	0.012495933	0.857741906
2	0	0.458001901	0.276960067	0.265038032
2	0	0.74212497	0.007034437	0.250840593
2	2	0.022619684	0.003663506	0.97371681
2	2	0.075126668	0.013570192	0.91130314
2	0	0.659998756	0.008066647	0.331934596
2	2	0.028985114	0.002966202	0.968048684
2	2	0.049529172	0.004263378	0.94620745
2	0	0.656428621	0.003752094	0.339819285
2	2	0.397902248	0.004686127	0.597411626
2	0	0.664147074	0.00604725	0.329805676
2	2	0.284998684	0.006193402	0.708807913
2	2	0.079836854	0.018550286	0.90161286
2	2	0.018617688	0.002205628	0.979176684
2	0	0.947188873	0.002571781	0.050239347
2	0	0.764092996	0.005559396	0.230347607
2	2	0.046951987	0.005833549	0.947214464
2	2	0.03226912	0.003712148	0.964018732
2	0	0.953565904	0.00134193	0.045092167
2	0	0.625746395	0.004052951	0.370200655
2	2	0.160903697	0.002446127	0.836650175
2	2	0.011935699	0.002382222	0.985682078
2	2	0.169050915	0.012754701	0.818194384
2	2	0.392364547	0.000536758	0.607098696
2	2	0.0943334	0.007697806	0.897968794
2	2	0.050093563	0.005277183	0.944629253
2	2	0.013192882	0.000786296	0.986020822
2	2	0.010506632	0.002851961	0.986641408
2	2	0.057158754	0.005607655	0.937233592
2	2	0.029677761	0.001386799	0.96893544
2	2	0.037607642	0.001841181	0.960551177
2	2	0.071718292	0.004897113	0.923384596
2	2	0.239446809	0.012756377	0.747796814
2	0	0.706699396	0.016331657	0.276968946
2	0	0.965821406	0.001209224	0.03296937
2	2	0.062463385	0.005864871	0.931671744
2	0	0.904317562	0.00207774	0.093604699
2	0	0.960118884	0.000974781	0.038906336
2	2	0.452317985	0.016669579	0.531012436
2	2	0.030516031	0.387552818	0.581931151
2	2	0.087917582	0.005483808	0.90659861
2	2	0.040447564	0.006274579	0.953277857
2	0	0.969517315	0.001604157	0.028878528
2	2	0.217004647	0.005234748	0.777760604
2	2	0.032029178	0.01331841	0.954652412
2	2	0.158488052	0.022434035	0.819077913
2	2	0.319869231	0.00513106	0.674999709
2	2	0.14989394	0.019439906	0.830666154
2	2	0.135516223	0.005034888	0.859448889
2	0	0.97052983	0.000880595	0.028589575
2	2	0.165767346	0.143063026	0.691169628
2	0	0.834384968	0.002884625	0.162730407
2	2	0.478234066	0.008599468	0.513166467
2	2	0.335705558	0.007064162	0.65723028
2	0	0.755812853	0.06548976	0.178697387
2	2	0.138794056	0.004588675	0.856617269
2	2	0.253873744	0.003095771	0.743030485
2	2	0.037012751	0.3602011	0.602786148
2	2	0.019607827	0.005985434	0.974406739
2	1	0.036369231	0.765342253	0.198288516
2	2	0.032176238	0.002823644	0.965000118
2	0	0.990547735	0.000683833	0.008768433
2	2	0.061231339	0.007675697	0.931092964
2	2	0.020282567	0.013429607	0.966287826
2	2	0.057821097	0.01248657	0.929692333
2	2	0.017299179	0.008654324	0.974046497
2	0	0.846054987	0.003185739	0.150759274
2	2	0.033905087	0.007215742	0.95887917
2	0	0.949153739	0.00158831	0.049257951
2	2	0.133238232	0.086102526	0.780659242
2	2	0.023306519	0.00461833	0.972075151
2	2	0.101023184	0.027011158	0.871965658
2	0	0.968177228	0.001578248	0.030244524
2	0	0.983426522	0.000728653	0.015844825
2	0	0.859027299	0.00364079	0.137331911
2	0	0.779594056	0.006449311	0.213956633
2	2	0.025794524	0.002296445	0.971909031
2	2	0.085724839	0.001542867	0.912732294
2	2	0.019853818	0.001670121	0.978476061
2	0	0.981304977	0.001627399	0.017067623
2	2	0.134035469	0.027473021	0.838491511
2	2	0.152343917	0.003666145	0.843989939
2	2	0.153220931	0.067335048	0.779444021
2	2	0.0467351	0.014001934	0.939262966
2	2	0.015279887	0.002183736	0.982536377
2	2	0.010174335	0.003320676	0.986504989
2	2	0.094614515	0.022486405	0.88289908
2	2	0.07721523	0.006161355	0.916623415
2	2	0.028959903	0.017184576	0.953855521
2	2	0.013626727	0.002759731	0.983613542
2	2	0.270162454	0.004147159	0.725690387
2	2	0.013245755	0.000339248	0.986414996
2	2	0.041105298	0.004443032	0.95445167
2	2	0.360695309	0.036716769	0.602587922
2	0	0.766230688	0.005920277	0.227849035
2	2	0.057565822	0.007917924	0.934516254
2	0	0.640809445	0.010588115	0.348602441
2	0	0.509561194	0.00441872	0.486020086
2	2	0.061002461	0.019695973	0.919301565
2	2	0.024844492	0.003369068	0.97178644
2	2	0.024974739	0.00554039	0.969484871
2	2	0.019998846	0.002622097	0.977379057
2	0	0.640928516	0.010508852	0.348562632
2	2	0.018164383	0.002707329	0.979128288
2	0	0.980652072	0.001056771	0.018291157
2	0	0.613533377	0.005186373	0.381280249
2	0	0.865529279	0.011291398	0.123179323
2	2	0.034410917	0.193906069	0.771683014
2	2	0.103425372	0.014523243	0.882051385
2	0	0.987262852	0.000482119	0.012255028
2	2	0.025451562	0.033234122	0.941314317
2	0	0.542875732	0.065038567	0.3920857
2	2	0.107782111	0.007904338	0.884313551
2	2	0.022078484	0.000807271	0.977114245
2	2	0.16243671	0.022807478	0.814755812
2	0	0.885265943	0.007266597	0.10746746
2	2	0.02220901	0.004582745	0.973208245
2	2	0.027505769	0.007911329	0.964582902
2	2	0.093207775	0.007389286	0.899402939
2	2	0.059954255	0.028736896	0.911308849
2	0	0.96230525	0.001091695	0.036603055
2	0	0.975686715	0.001413179	0.022900106
2	2	0.042744676	0.001841434	0.95541389
2	0	0.953394037	0.001966054	0.044639909
2	2	0.066624318	0.015951768	0.917423914
2	2	0.087132308	0.002701015	0.910166677
2	2	0.01342738	0.007509703	0.979062917
2	2	0.01578673	0.00144856	0.98276471
2	2	0.055583159	0.005074258	0.939342584
2	2	0.018465855	0.003911901	0.977622245
2	2	0.044669942	0.005388143	0.949941915
2	2	0.311108995	0.00421666	0.684674345
2	2	0.021360667	0.001478534	0.977160799
2	2	0.055621788	0.007104831	0.93727338
2	2	0.185791766	0.013235816	0.800972417
2	2	0.037609827	0.003798345	0.958591829
2	0	0.985683271	0.001055627	0.013261102
2	2	0.235110846	0.166610222	0.598278932
2	0	0.793696702	0.006346487	0.199956811
2	2	0.022372139	0.001477744	0.976150117
2	2	0.017432704	0.001296992	0.981270304
2	0	0.627151275	0.054805348	0.318043377
2	2	0.004792679	0.000658092	0.994549229
2	2	0.018503269	0.001501775	0.979994956
2	2	0.023829507	0.000890497	0.975279996
2	0	0.769356608	0.005361022	0.22528237
2	0	0.811193414	0.006915785	0.181890801
2	2	0.136152227	0.031480666	0.832367107
2	2	0.049633862	0.003106427	0.947259711
2	2	0.07184007	0.004963159	0.923196771
2	2	0.02802261	0.011518008	0.960459382
2	0	0.973052496	0.00480635	0.022141154
2	2	0.050771708	0.002284939	0.946943353
2	2	0.229158276	0.003438079	0.767403645
2	0	0.939375422	0.001383498	0.059241079
2	0	0.980936078	0.000891462	0.018172461
2	2	0.04808993	0.007204983	0.944705087
2	1	0.053616912	0.620524162	0.325858926
2	2	0.02596857	0.005009755	0.969021675
2	2	0.059341601	0.024572074	0.916086324
2	2	0.030546408	0.005881707	0.963571885
2	2	0.025851833	0.006971159	0.967177007
2	0	0.712037316	0.002950959	0.285011725
2	2	0.015066974	0.003900892	0.981032134
2	2	0.480410747	0.011711151	0.507878102
2	0	0.968111343	0.000843367	0.03104529
2	2	0.257832716	0.007211024	0.73495626
2	0	0.976329977	0.00115685	0.022513173
2	2	0.051149211	0.003035715	0.945815074