0	0	0.960252031	0.000851799	0.03889617
0	0	0.973888118	0.004619546	0.021492336
0	0	0.9628435	0.000617109	0.036539391
0	0	0.977936297	0.000686084	0.021377619
0	0	0.989934134	0.001303742	0.008762125
0	0	0.897373274	0.003591866	0.09903486
0	0	0.965633152	0.000613352	0.033753496
0	0	0.981187148	0.000502562	0.01831029
0	0	0.973082644	0.000251898	0.026665458
0	0	0.925310954	0.000409929	0.074279117
0	0	0.981683962	0.000238513	0.018077524
0	0	0.992420676	0.000305028	0.007274296
0	0	0.872875734	0.004418027	0.122706239
0	0	0.942869859	0.000188422	0.056941719
0	0	0.94149271	0.002197602	0.056309688
0	0	0.674374091	0.141653649	0.18397226
0	0	0.90227971	0.001337797	0.096382492
0	0	0.921455636	0.014744271	0.063800092
0	0	0.604634286	0.004281159	0.391084555
0	0	0.921192141	0.00356894	0.075238919
0	0	0.916713153	0.003073124	0.080213723
0	0	0.948562005	0.000604924	0.050833072
0	0	0.74749741	0.001055939	0.25144665
0	0	0.886814125	0.001617749	0.111568127
0	0	0.988189797	0.00024877	0.011561433
0	0	0.979291881	8.67114E-05	0.020621408
0	0	0.954912546	0.001279309	0.043808145
0	0	0.968836571	0.000740519	0.03042291
0	0	0.982108798	0.000234735	0.017656467
0	0	0.989543532	8.41162E-05	0.010372352
0	0	0.879405186	0.000959777	0.119635037
0	0	0.946347193	0.000582929	0.053069879
0	0	0.976557052	5.00333E-05	0.023392914
0	2	0.225168861	0.103239405	0.671591733
0	0	0.73769698	0.000541687	0.261761333
0	0	0.972255932	0.00085233	0.026891737
0	0	0.976345077	6.74422E-05	0.023587481
0	0	0.81111409	0.002352806	0.186533104
0	0	0.894607238	0.002056869	0.103335893
0	0	0.768224966	0.002646618	0.229128416
0	0	0.93516416	0.011344376	0.053491464
0	0	0.951034225	0.000505226	0.048460549
0	0	0.918621657	0.012662873	0.068715469
0	0	0.834198106	0.014213197	0.151588697
0	0	0.958645885	0.002751433	0.038602682
0	0	0.962799384	0.000221805	0.036978811
0	0	0.888605773	0.000358314	0.111035913
0	0	0.991714503	0.000315889	0.007969608
0	0	0.894310654	0.000826507	0.104862839
0	0	0.88367453	0.001709308	0.114616161
0	0	0.993085098	0.000256255	0.006658647
0	0	0.91177366	0.000599111	0.087627229
0	0	0.977415382	0.000399721	0.022184897
0	0	0.952345452	0.000843098	0.04681145
0	0	0.922039496	0.000366663	0.077593841
0	0	0.876728207	0.001676649	0.121595144
0	0	0.97304643	0.018243919	0.008709652
0	0	0.724703614	0.002271551	0.273024835
0	0	0.613661976	0.003219559	0.383118465
0	0	0.973006916	0.001071105	0.025921978
0	0	0.949093433	0.000666782	0.050239785
0	0	0.988493539	5.54032E-05	0.011451058
0	0	0.987709678	0.000121358	0.012168964
0	0	0.975203185	0.000560652	0.024236163
0	0	0.747561436	0.008182654	0.244255911
0	0	0.956299358	0.002085213	0.041615429
0	0	0.792342513	0.113601165	0.094056321
0	0	0.987575493	0.000546923	0.011877584
0	0	0.859069467	0.00053695	0.140393583
0	0	0.825094354	0.000637053	0.174268593
0	0	0.93808592	0.001031838	0.060882242
0	0	0.938642849	0.000845553	0.060511598
0	0	0.939302395	0.001496662	0.059200943
0	0	0.911308887	0.003065718	0.085625394
0	0	0.983389506	0.000906654	0.01570384
0	0	0.997167206	0.000104113	0.002728681
0	0	0.967662237	0.000172628	0.032165135
0	0	0.922064243	0.048848071	0.029087685
0	0	0.980921681	0.000496333	0.018581986
0	0	0.579682116	0.059858287	0.360459598
0	0	0.628253683	0.006473676	0.365272642
0	0	0.956925202	0.000202528	0.04287227
0	0	0.972205245	0.000385878	0.027408877
0	0	0.982955172	0.00040892	0.016635908
0	0	0.920221977	0.009559304	0.070218719
0	0	0.981654889	0.00050517	0.017839941
0	0	0.988381056	0.000994384	0.01062456
0	0	0.982151484	0.000177151	0.017671365
0	0	0.879206861	0.000236436	0.120556703
0	0	0.996984331	0.000195956	0.002819713
0	0	0.891034556	0.002013115	0.106952329
0	0	0.993017075	0.000328062	0.006654863
0	0	0.902497634	0.002759546	0.094742821
0	0	0.997837672	8.10321E-05	0.002081296
0	0	0.902993368	0.043004949	0.054001683
0	0	0.953614827	0.000181474	0.046203698
0	0	0.983563555	0.000309648	0.016126796
0	0	0.887858492	0.002247936	0.109893572
0	0	0.972642202	0.0004957	0.026862098
0	0	0.911811515	0.002395839	0.085792646
0	0	0.982279512	0.000285554	0.017434934
0	0	0.55769735	0.001755961	0.440546689
0	0	0.943904599	0.00197966	0.054115741
0	0	0.935717358	0.000497935	0.063784707
0	0	0.914607931	0.002743667	0.082648401
0	0	0.920459715	0.001480638	0.078059647
0	0	0.813905794	0.001687325	0.184406881
0	0	0.985172603	0.00184341	0.012983987
0	0	0.947619581	0.001031025	0.051349394
0	0	0.493115581	0.129016924	0.377867495
0	0	0.98120758	0.000558491	0.018233928
0	0	0.901731663	0.001809439	0.096458897
0	0	0.976995008	0.00033864	0.022666352
0	0	0.945090217	0.00112017	0.053789613
0	0	0.94670301	0.000751177	0.052545814
0	0	0.962276775	0.000254667	0.037468558
0	0	0.974421704	0.000224102	0.025354194
0	0	0.93016181	0.021080713	0.048757477
0	0	0.846547567	0.001743102	0.151709331
0	0	0.591670692	0.324099386	0.084229921
0	0	0.881555844	0.000891267	0.117552889
0	0	0.836400178	0.002325435	0.161274387
0	0	0.862749333	0.004572793	0.132677874
0	0	0.974851292	0.000557599	0.024591109
0	0	0.937232538	0.000257157	0.062510305
0	0	0.858220466	0.004878125	0.136901408
0	0	0.853769972	0.005553686	0.140676342
0	0	0.8711789	0.002850651	0.125970449
0	0	0.891778628	0.001318794	0.106902577
0	0	0.973459211	0.000256906	0.026283883
0	0	0.96309164	0.001683624	0.035224736
0	0	0.842214071	0.007995942	0.149789986
0	0	0.98393178	0.000970306	0.015097914
0	0	0.946522628	0.00557836	0.047899012
0	0	0.981407146	0.000487867	0.018104987
0	0	0.937629127	0.001579099	0.060791774
0	0	0.886872932	0.000801478	0.112325591
0	0	0.941027424	0.008528149	0.050444427
0	0	0.94654361	0.001102982	0.052353408
0	0	0.905322452	0.037389547	0.057288
0	0	0.952447241	0.015549597	0.032003162
0	0	0.986367532	0.000200614	0.013431854
0	1	0.117455275	0.874767049	0.007777676
0	0	0.932007446	0.000935701	0.067056853
0	0	0.758031554	0.005331993	0.236636454
0	0	0.849226812	0.004023798	0.14674939
0	0	0.98784465	0.000362122	0.011793228
0	0	0.934571876	0.001982163	0.063445961
0	0	0.995561672	5.1058E-05	0.00438727
0	0	0.966472633	0.001440302	0.032087065
0	0	0.953934628	0.004102084	0.041963288
0	0	0.919977087	0.000880512	0.0791424
0	0	0.967522486	0.000362018	0.032115496
0	0	0.98662595	0.000781681	0.012592369
0	0	0.938406996	0.000464165	0.061128839
0	2	0.436036821	0.004248758	0.559714421
0	0	0.866641345	0.002773542	0.130585113
0	0	0.90088747	0.004320972	0.094791558
0	0	0.983840244	7.03103E-05	0.016089446
0	0	0.988046662	0.000270395	0.011682943
0	0	0.974571544	0.001290201	0.024138255
0	0	0.990443741	0.001062318	0.008493941
0	0	0.868958073	0.001202972	0.129838955
0	0	0.96764994	0.002900753	0.029449307
0	0	0.93154822	0.006760169	0.061691611
0	0	0.945350276	0.001630449	0.053019275
0	0	0.99266728	0.00152089	0.00581183
0	0	0.929993647	0.002839641	0.067166711
0	0	0.760025044	0.00078659	0.239188366
0	0	0.965122205	0.000755372	0.034122423
0	0	0.955349234	0.001062981	0.043587786
0	0	0.929092381	0.001255844	0.069651774
0	0	0.947621116	0.006203135	0.046175749
0	0	0.971119119	0.000496213	0.028384668
0	0	0.97643808	0.002938829	0.02062309
0	0	0.909075635	0.032506117	0.058418247
0	0	0.971333584	8.1763E-05	0.028584653
0	0	0.977692862	0.000435394	0.021871744
0	0	0.708040432	0.025505681	0.266453888
0	0	0.969316	0.000382698	0.030301302
0	0	0.956252481	0.000613069	0.04313445
0	1	0.009434027	0.988632877	0.001933096
0	0	0.962626361	0.001042858	0.036330781
0	0	0.913413203	0.00912473	0.077462067
0	0	0.995001848	0.000191771	0.004806382
0	0	0.778602734	0.005024877	0.216372389
0	0	0.938021565	0.005814605	0.056163829
0	0	0.701832961	0.009984116	0.288182923
0	0	0.699261153	0.034491892	0.266246955
0	0	0.929656226	0.001467287	0.068876488
0	0	0.96149057	0.000865009	0.037644421
0	0	0.981710854	0.00068038	0.017608766
0	0	0.963862763	0.001523559	0.034613678
0	0	0.980086231	0.000219246	0.019694523
0	0	0.959654957	0.000980173	0.03936487
0	0	0.785703005	0.055316922	0.158980073
0	0	0.85653722	0.001835648	0.141627132
0	0	0.866821285	0.001187836	0.131990879
0	0	0.514374219	0.343934438	0.141691343
0	0	0.972117949	0.001516003	0.026366049
0	2	0.1588378	0.170286712	0.670875488
0	0	0.572016537	0.314180575	0.113802888
0	0	0.917589912	0.001003958	0.08140613
0	0	0.935592996	0.004793595	0.05961341
0	0	0.865403652	0.001137117	0.133459231
0	0	0.965665883	0.003904454	0.030429663
0	0	0.972123837	0.000263259	0.027612904
0	1	0.001731104	0.996311021	0.001957875
0	0	0.805877148	0.002825065	0.191297787
0	0	0.851574037	0.002691467	0.145734496
0	0	0.979618751	0.000189714	0.020191535
0	0	0.528146488	0.001787242	0.47006627
0	0	0.909731326	0.051308135	0.038960539
0	0	0.934747081	0.009985919	0.055267
0	0	0.980560598	0.000380688	0.019058714
0	0	0.995236559	0.000113845	0.004649597
0	0	0.970035047	0.000226759	0.029738194
0	0	0.984183131	0.000669725	0.015147144
0	0	0.99490811	0.000565837	0.004526054
0	0	0.897803368	0.003598622	0.09859801
0	0	0.711188868	0.034097976	0.254713156
0	0	0.916967401	0.015007828	0.068024771
0	0	0.929335213	0.000477338	0.070187449
0	0	0.543270973	0.000767596	0.455961431
0	0	0.871412561	0.001380458	0.127206981
0	0	0.815492545	0.001725803	0.182781652
0	0	0.955068586	0.000280126	0.044651288
0	0	0.9959613	0.000126857	0.003911842
0	0	0.97616813	0.000697143	0.023134727
0	0	0.868020353	0.002332674	0.129646973
0	0	0.998295211	4.0731E-06	0.001700715
0	0	0.957150926	0.000265819	0.042583254
0	0	0.741228741	0.001993933	0.256777325
0	0	0.726343051	0.003251519	0.27040543
0	0	0.993470167	0.002977857	0.003551976
0	0	0.87731427	0.00259287	0.12009286
0	0	0.973444715	0.000455136	0.026100149
0	0	0.962568561	0.00029104	0.037140399
0	2	0.229874724	0.002705088	0.767420188
0	0	0.881017322	0.000912723	0.118069955
0	0	0.988081629	0.00042391	0.011494462
0	0	0.621389676	0.092476854	0.286133471
0	0	0.944620618	0.001868589	0.053510794
0	0	0.672295113	0.001639674	0.326065213
0	0	0.676190544	0.001576449	0.322233007
0	0	0.907900723	0.004643345	0.087455932
0	0	0.533182101	0.026030346	0.440787553
0	0	0.979801688	0.000588105	0.019610207
0	0	0.986372553	0.001773818	0.01185363
0	0	0.799695024	0.016305956	0.183999021
0	0	0.716076847	0.008671029	0.275252123
0	0	0.965291314	0.00042636	0.034282326
0	0	0.785956156	0.006591632	0.207452212
0	0	0.957812405	0.000351816	0.041835779
0	0	0.986862821	0.000268053	0.012869125
0	0	0.942049167	0.000561557	0.057389277
0	0	0.892127611	0.001056233	0.106816156
0	0	0.882291866	0.014801417	0.102906717
0	0	0.748239305	0.010078686	0.24168201
0	0	0.990664488	0.000701788	0.008633724
0	0	0.851654234	0.002568394	0.145777373
0	0	0.930070075	0.00022577	0.069704155
0	0	0.989177817	0.000624361	0.010197821
0	0	0.976063221	0.000426743	0.023510035
0	0	0.992140535	0.000783068	0.007076396
0	0	0.968803886	0.001569822	0.029626292
0	0	0.863424639	0.006396856	0.130178505
0	0	0.993848939	0.0006761	0.005474961
0	0	0.832179341	0.016508047	0.151312612
0	0	0.968488895	0.001602776	0.029908329
0	0	0.973617348	0.002084061	0.024298591
0	0	0.999108895	3.06864E-05	0.000860419
0	0	0.998156325	0.000123528	0.001720147
0	0	0.969291416	0.000417139	0.030291444
0	0	0.938040079	6.78126E-05	0.061892108
0	0	0.948117838	0.000294693	0.051587469
0	0	0.989879308	0.000157644	0.009963048
0	0	0.971711864	0.000179992	0.028108143
0	0	0.990630977	0.000406587	0.008962436
0	0	0.690956561	0.0014506	0.307592839
0	0	0.944898289	0.00034624	0.054755471
0	0	0.817924703	0.012131074	0.169944223
0	0	0.959330747	0.0008227	0.039846553
0	0	0.989938671	0.000113613	0.009947716
0	0	0.931283182	0.001416605	0.067300213
0	0	0.982347749	7.42992E-05	0.017577952
0	0	0.85916588	0.002763953	0.138070167
0	0	0.855184948	0.012892139	0.131922913
0	0	0.9035206	0.001268074	0.095211326
0	0	0.535425738	0.279628574	0.184945688
0	0	0.987442247	0.000168641	0.012389112
0	0	0.956824261	0.001169434	0.042006306
0	0	0.930475975	0.000531632	0.068992393
0	0	0.980356532	0.001101878	0.01854159
0	0	0.993914525	9.81117E-05	0.005987364
0	0	0.981878799	0.001005986	0.017115216
0	0	0.91871212	0.00070608	0.0805818
0	0	0.991354503	5.65841E-05	0.008588913
0	0	0.976641803	0.000369103	0.022989095
0	0	0.945647737	0.004688769	0.049663494
0	0	0.880198496	0.080555585	0.039245918
0	0	0.900613778	0.011926663	0.087459559
0	0	0.968466832	0.002480386	0.029052782
0	0	0.802195948	0.00335836	0.194445691
0	0	0.879860383	0.002413223	0.117726394
0	0	0.965807365	0.001233634	0.032959001
0	0	0.944552811	0.000459375	0.054987814
0	0	0.889214184	0.000933362	0.109852454
0	0	0.934385862	0.003256293	0.062357845
0	0	0.825977468	0.003465883	0.170556649
0	0	0.997650102	5.10629E-05	0.002298835
0	0	0.98206585	0.000865246	0.017068905
0	0	0.952794166	0.001193988	0.046011846
0	0	0.992020207	0.000372225	0.007607568
0	0	0.911807256	0.030030953	0.058161791
0	0	0.965792224	0.000472342	0.033735433
0	0	0.943924558	0.001338094	0.054737347
0	0	0.991505095	7.64685E-05	0.008418436
0	0	0.989178485	0.001053876	0.009767639
0	0	0.711445287	0.003893851	0.284660863
0	0	0.971465321	0.000156924	0.028377755
0	0	0.922977685	0.000796128	0.076226186
0	2	0.402432104	0.004667513	0.592900383
0	0	0.838050805	0.008283609	0.153665586
0	0	0.778839224	0.002416221	0.218744556
0	0	0.855410119	0.013053823	0.131536059
0	0	0.975555611	0.001012282	0.023432107
0	0	0.928662174	0.00087079	0.070467036
0	2	0.232066518	0.043112977	0.724820505
0	0	0.95293512	6.49165E-05	0.046999963
0	0	0.982120987	0.000299846	0.017579167
0	0	0.860513621	0.002411212	0.137075168
0	0	0.978510137	0.00045395	0.021035914
0	0	0.943546341	0.000493193	0.055960466
0	0	0.914512699	0.000806293	0.084681008
0	0	0.870294889	0.000560589	0.129144523
0	0	0.982106106	0.000313235	0.017580659
0	0	0.949107519	0.000253478	0.050639003
0	0	0.991531251	0.00011383	0.008354919
0	0	0.830778306	0.002393754	0.16682794
0	0	0.92645808	0.000431654	0.073110266
0	0	0.992266584	0.000167209	0.007566206
0	0	0.967093376	0.000463289	0.032443336
0	0	0.958374604	0.004110476	0.03751492
0	0	0.899763458	0.00287494	0.097361602
0	0	0.949544614	0.000537344	0.049918043
0	0	0.918231658	0.004099847	0.077668495
0	0	0.973253057	0.000103472	0.026643471
0	2	0.280696799	0.010360237	0.708942965
0	0	0.601118611	0.021108848	0.377772541
0	0	0.896241053	0.002739867	0.10101908
0	0	0.956576522	0.000291668	0.04313181
0	0	0.817687615	0.000807898	0.181504487
0	0	0.857934589	0.000377354	0.141688057
0	0	0.634877785	0.006728367	0.358393848
0	1	0.00398532	0.995074592	0.000940088
0	0	0.641729057	0.003537662	0.354733281
0	0	0.956699509	0.002193041	0.041107449
0	0	0.887860441	0.000383934	0.111755625
0	0	0.699023133	0.003247819	0.297729047
0	0	0.922454875	0.002180466	0.07536466
0	0	0.624221608	0.001423054	0.374355338
0	0	0.958963268	0.000258322	0.04077841
0	0	0.69264061	0.004426509	0.302932881
0	0	0.95233469	0.000600926	0.047064384
0	0	0.866433304	0.000335607	0.133231089
0	0	0.601849498	0.007111459	0.391039043
0	0	0.943659501	0.000613463	0.055727035
0	0	0.929095697	0.000340892	0.07056341
0	0	0.829483588	0.00197132	0.168545092
0	0	0.869005203	0.009454106	0.121540691
0	0	0.820169703	0.00050324	0.179327057
0	0	0.981553058	0.000197471	0.018249471
0	0	0.97304744	0.000492595	0.026459965
0	0	0.885646575	0.001350018	0.113003407
0	0	0.895273181	0.002117485	0.102609334
0	0	0.66837415	0.007624358	0.324001492
0	1	0.176320047	0.776503222	0.047176731
0	0	0.550455728	0.00424502	0.445299252
0	0	0.754341632	0.000686016	0.244972353
0	0	0.79824746	0.001231606	0.200520934
0	0	0.936468635	0.000463206	0.063068159
0	0	0.853251797	0.001163991	0.145584212
0	0	0.851018907	0.002596941	0.146384152
0	0	0.710961115	0.000820713	0.288218173
0	0	0.974907402	0.000292627	0.024799971
0	0	0.960442866	8.89656E-05	0.039468169
0	0	0.751118891	0.002380627	0.246500482
0	0	0.583988492	0.004358297	0.411653212
0	0	0.852436262	0.003176559	0.14438718
0	0	0.914854076	0.000289171	0.084856753
0	0	0.959299955	0.000272805	0.04042724
0	0	0.990252943	0.000353158	0.009393899
0	0	0.946900456	0.000242342	0.052857202
0	2	0.151424346	0.002349931	0.846225722
0	0	0.73674237	0.021861744	0.241395886
0	0	0.883182407	0.002927743	0.11388985
0	0	0.548069544	0.01612228	0.435808176
0	0	0.90780298	0.016402395	0.075794624
0	0	0.972475814	0.001691381	0.025832805
0	0	0.972015926	0.001225038	0.026759035
0	0	0.819471238	0.021106041	0.159422721
0	0	0.980292212	0.000426199	0.019281589
0	0	0.966648275	0.000215248	0.033136477
0	0	0.984084946	0.000244049	0.015671005
0	0	0.900519678	0.003497233	0.095983089
0	0	0.95820773	0.000251947	0.041540323
0	0	0.95444921	0.000186082	0.045364707
0	0	0.966030554	0.000131073	0.033838373
0	0	0.99373976	0.000339417	0.005920822
0	0	0.655011348	0.001672221	0.343316431
0	0	0.896919437	0.000364753	0.10271581
0	0	0.886878992	0.003950762	0.109170246
0	0	0.740157499	0.03806758	0.221774921
0	0	0.968527529	0.000998378	0.030474093
0	0	0.955322862	0.00138161	0.043295528
0	0	0.787007695	0.000917721	0.212074584
0	0	0.906174081	0.000943774	0.092882145
0	0	0.690121549	0.004952873	0.304925578
0	0	0.898625193	0.000289374	0.101085433
0	0	0.953042708	0.000466247	0.046491045
0	0	0.951733878	0.000305253	0.047960869
0	0	0.939137073	0.017571204	0.043291722
0	0	0.961356924	0.000155105	0.038487971
0	0	0.983349306	0.000158875	0.016491818
0	0	0.913688777	0.000633744	0.085677479
0	0	0.905310134	0.004962341	0.089727525
0	0	0.924990173	0.000704465	0.074305362
0	0	0.971425867	0.000135033	0.0284391
0	0	0.800108571	0.002290906	0.197600523
0	0	0.993898002	3.03225E-05	0.006071675
0	0	0.927152125	0.000273082	0.072574793
0	0	0.839826178	0.001063957	0.159109865
0	0	0.806736364	0.001781039	0.191482597
0	0	0.666415436	0.000427763	0.333156801
0	0	0.987878665	7.62117E-05	0.012045123
0	0	0.928390579	0.000440763	0.071168658
0	0	0.928919308	0.000572995	0.070507697
0	1	0.244818851	0.723874874	0.031306275
0	0	0.93023762	0.000773863	0.068988516
0	0	0.995286095	1.31167E-05	0.004700788
0	0	0.847621194	0.000689584	0.151689221
0	0	0.671070874	0.002479792	0.326449334
0	0	0.89171937	0.001267506	0.107013123
0	0	0.93325999	0.000407255	0.066332755
0	0	0.849357174	0.000320806	0.150322021
0	0	0.878928839	0.00202588	0.119045282
0	0	0.883864289	0.001517863	0.114617848
0	0	0.963000962	0.000526689	0.036472349
0	0	0.989029002	0.000851908	0.010119089
0	0	0.75082336	0.043548289	0.205628351
0	0	0.98284796	0.000205657	0.016946383
0	0	0.965795167	0.000771554	0.033433279
0	0	0.916068289	0.000327748	0.083603962
0	0	0.964090933	0.001047478	0.034861589
0	0	0.981382298	0.000965472	0.017652229
0	0	0.914770469	0.000702348	0.084527183
0	0	0.825507616	0.004152035	0.170340349
0	0	0.849266654	0.001908034	0.148825312
0	0	0.834690874	0.000866547	0.164442579
0	0	0.853734984	0.001194372	0.145070644
0	0	0.894270181	0.001467717	0.104262103
0	0	0.731618999	0.000549009	0.267831991
0	0	0.898253733	0.000975069	0.100771198
0	0	0.846663085	0.001637225	0.15169969
0	0	0.493655022	0.343379736	0.162965242
0	0	0.945428486	0.001696111	0.052875402
0	2	0.358840787	0.001536303	0.63962291
0	0	0.704143688	0.006811296	0.289045015
0	0	0.477224895	0.314910307	0.207864798
0	0	0.524356021	0.002277028	0.473366951
0	0	0.914374806	0.000489995	0.085135198
0	0	0.967593533	0.000156658	0.032249808
0	0	0.881450476	0.001608607	0.116940916
0	0	0.694315027	0.002777985	0.302906988
0	0	0.971720069	0.000741906	0.027538025
0	0	0.900605086	0.001512504	0.09788241
0	0	0.981005991	0.000249918	0.018744091
0	0	0.974103918	0.000797334	0.025098749
0	0	0.984153652	4.67885E-05	0.015799559
0	0	0.910761352	0.000492422	0.088746226
0	0	0.824460472	0.000584458	0.17495507
0	0	0.882185263	0.001790155	0.116024582
0	0	0.935675667	0.003955745	0.060368588
0	0	0.915869855	0.00042719	0.083702954
0	0	0.986493068	0.000238916	0.013268016
0	2	0.321923246	0.048521798	0.629554956
0	0	0.938390978	0.00049345	0.061115571
0	0	0.737852211	0.001246131	0.260901658
0	0	0.943592822	0.00118886	0.055218318
0	0	0.662001482	0.001676935	0.336321583
0	0	0.465544802	0.069979919	0.464475279
0	0	0.848308326	0.001885219	0.149806455
0	2	0.418619214	0.087318444	0.494062343
0	0	0.859621608	0.046020746	0.094357646
0	0	0.630618378	0.012750888	0.356630735
0	2	0.12317872	0.230151159	0.646670121
0	0	0.876095633	0.00072085	0.123183517
0	0	0.940486438	0.000403732	0.059109829
0	0	0.937852912	0.000124842	0.062022246
0	0	0.863340124	0.000134742	0.136525134
0	1	0.451535458	0.477686139	0.070778402
0	0	0.723350865	0.090305141	0.186343994
0	0	0.846044697	0.000796978	0.153158325
0	0	0.908079141	0.001954885	0.089965974
0	0	0.967042572	0.000173365	0.032784063
0	0	0.909624712	0.001615642	0.088759646
0	0	0.960665724	0.000249755	0.039084521
0	0	0.891222526	0.000532802	0.108244672
0	0	0.582087722	0.000856005	0.417056273
0	2	0.488503301	0.001070415	0.510426284
0	0	0.976391063	0.000287729	0.023321209
0	0	0.929466499	0.004688022	0.065845479
0	0	0.609746529	0.004675534	0.385577937
0	2	0.484219864	0.008461607	0.507318529
0	0	0.958532464	0.00194372	0.039523816
0	0	0.876064298	0.000472952	0.12346275
0	0	0.944922181	0.011680287	0.043397532
0	0	0.960262337	0.000813838	0.038923824
0	0	0.970047016	0.000303506	0.029649479
0	0	0.85637511	0.000372435	0.143252455
0	0	0.977195909	0.000210028	0.022594063
0	0	0.929081505	0.00074319	0.070175305
0	0	0.977448671	0.000151669	0.02239966
0	0	0.509204857	0.006957014	0.483838128
0	0	0.942604015	0.001875821	0.055520164
0	0	0.986067342	0.000374009	0.013558649
0	0	0.7479336	0.001000815	0.251065586
0	0	0.759633513	0.003963931	0.236402556
0	2	0.402277667	0.005937823	0.59178451
0	0	0.924477487	0.000361797	0.075160716
0	0	0.817976932	0.002027157	0.179995911
0	0	0.907602725	0.000625319	0.091771956
0	0	0.936174326	0.000473976	0.063351698
0	0	0.997757905	5.29509E-05	0.002189144
0	0	0.892150146	0.000538501	0.107311352
0	0	0.846822205	0.000902389	0.152275406
0	0	0.736586079	0.004233064	0.259180856
0	0	0.741845045	0.019399366	0.238755589
0	0	0.932281974	0.000466795	0.067251231
0	0	0.801743479	0.000529241	0.19772728
0	0	0.607822542	0.07016734	0.322010118
0	2	0.344831813	0.01171016	0.643458027
0	0	0.920583812	0.001572093	0.077844095
0	2	0.453418967	0.003631394	0.542949639
0	0	0.924518649	0.000467467	0.075013884
0	0	0.958247942	0.001308533	0.040443525
0	0	0.927435309	0.001105749	0.071458942
0	0	0.914648787	0.001071586	0.084279626
0	2	0.229511362	0.000209832	0.770278806
0	0	0.872450452	0.001886279	0.125663269
0	0	0.862165508	0.000262514	0.137571978
0	0	0.681541238	0.002264506	0.316194256
0	0	0.927033713	0.001681002	0.071285286
0	0	0.954931396	0.000285116	0.044783488
0	0	0.870334811	0.002717135	0.126948054
0	0	0.932741618	0.002424507	0.064833875
0	0	0.967741834	0.000692647	0.031565519
0	0	0.828265885	0.000910041	0.170824074
0	0	0.866802308	0.001526093	0.131671599
0	0	0.955759194	0.000890837	0.043349969
0	0	0.922667173	0.000381848	0.076950979
0	0	0.838581425	0.000979916	0.160438659
0	0	0.662729774	0.001721451	0.335548775
0	0	0.982095863	0.00021963	0.017684507
0	0	0.763709514	0.002555601	0.233734884
0	0	0.777184201	0.00032686	0.222488939
0	0	0.828122336	0.000467227	0.171410436
0	0	0.649839491	0.00142095	0.348739559
0	0	0.982327421	0.000348027	0.017324552
0	0	0.726894887	0.001001783	0.27210333
0	0	0.948560845	0.000478905	0.050960251
0	0	0.908055097	0.003692136	0.088252768
0	0	0.908033104	0.001527421	0.090439474
0	0	0.870062913	0.001175114	0.128761972
0	0	0.927123589	0.000910908	0.071965503
0	0	0.682953254	0.003004846	0.3140419
0	0	0.931481643	0.000703826	0.06781453
0	0	0.862473829	0.000495496	0.137030675
0	0	0.917558832	0.00112729	0.081313878
0	0	0.98443662	0.000264654	0.015298725
0	0	0.764757389	0.008716856	0.226525755
0	0	0.908150613	0.00142534	0.090424047
0	0	0.551285716	0.013275938	0.435438346
0	2	0.459188415	0.001625573	0.539186012
0	0	0.503352135	0.001334811	0.495313054
0	0	0.647712817	0.003923356	0.348363827
0	0	0.808263459	0.00847981	0.183256731
0	0	0.582679997	0.007901386	0.409418617
0	0	0.907637032	5.36993E-05	0.092309269
0	0	0.926329318	0.000956982	0.0727137
0	0	0.775536086	0.010318666	0.214145248
0	0	0.970575974	0.003047098	0.026376928
0	0	0.728524722	0.003036852	0.268438426
0	0	0.930623031	0.000332257	0.069044712
0	0	0.717477594	0.001694592	0.280827814
0	0	0.824469983	0.002331101	0.173198916
0	0	0.851418203	0.001688944	0.146892853
0	0	0.961143258	0.000157367	0.038699376
0	0	0.767530889	0.001547404	0.230921707
0	0	0.958874442	0.003576055	0.037549503
0	0	0.934013801	0.001374777	0.064611423
0	0	0.580458618	0.000730898	0.418810484
0	0	0.814652643	0.002296903	0.183050454
0	0	0.542680301	0.001352724	0.455966975
0	0	0.909106811	0.002370172	0.088523016
0	0	0.871985284	0.004584919	0.123429797
0	0	0.93488789	0.000245914	0.064866196
0	0	0.933860995	0.002474473	0.063664531
0	0	0.918649886	0.001319833	0.080030281
0	0	0.890106691	8.44362E-05	0.109808873
0	0	0.970051789	0.000742932	0.029205278
0	2	0.298089117	0.01809241	0.683818473
0	0	0.831182051	0.000820492	0.167997457
0	0	0.89256241	0.001134278	0.106303312
0	0	0.82389266	0.000747471	0.175359869
0	0	0.7323465	0.001185606	0.266467894
0	0	0.944286172	0.000427299	0.055286528
0	0	0.986801847	0.000193993	0.013004159
0	0	0.72424043	0.016605325	0.259154245
0	0	0.987476825	4.28544E-05	0.01248032
0	0	0.95630778	0.000589771	0.043102449
0	0	0.923348204	0.000699427	0.075952369
0	0	0.928782803	0.001008309	0.070208888
0	0	0.834706434	0.00079858	0.164494986
0	0	0.888564469	0.00135555	0.110079981
0	0	0.769022477	0.000553729	0.230423794
0	0	0.818270151	0.003175587	0.178554261
0	0	0.916784061	0.000453696	0.082762243
0	0	0.904840386	0.000161356	0.094998258
0	0	0.708299801	0.000425312	0.291274887
0	0	0.923202951	0.000940117	0.075856932
0	0	0.749679939	0.001645174	0.248674887
0	0	0.951042296	0.000564541	0.048393163
0	0	0.975033749	0.000200242	0.024766008
0	2	0.359576118	0.005613789	0.634810093
0	0	0.9760448	0.000774768	0.023180432
0	0	0.806019242	0.001632492	0.192348266
0	0	0.940808141	0.001969814	0.057222045
0	0	0.649400501	0.001886361	0.348713138
0	0	0.535438552	0.002181878	0.46237957
0	0	0.965679114	0.000376225	0.033944662
0	0	0.902815596	0.002094926	0.095089478
0	0	0.752194668	0.006419853	0.24138548
0	0	0.777748167	0.001508028	0.220743806
0	2	0.399168266	0.008371918	0.592459815
0	0	0.927693495	0.003237824	0.069068681
0	0	0.975592832	0.000243618	0.02416355
0	0	0.910023404	0.002849291	0.087127304
0	0	0.81799588	0.000340397	0.181663723
0	0	0.875203195	0.000849554	0.123947251
0	0	0.823018093	0.00250748	0.174474428
0	0	0.937192988	0.002996033	0.059810978
0	2	0.469674066	0.018062518	0.512263416
0	0	0.950794381	0.000397444	0.048808175
0	0	0.890818466	0.000942651	0.108238883
0	0	0.819655354	0.001165889	0.179178757
0	0	0.93888032	0.011910115	0.049209565
0	0	0.893717208	0.001907874	0.104374919
0	0	0.977239134	0.000181615	0.022579251
0	0	0.978165658	0.000549844	0.021284499
0	0	0.992350564	0.000481079	0.007168357
0	0	0.97340652	0.000216233	0.026377247
0	0	0.781674677	0.006907022	0.211418301
0	0	0.973063733	0.00045733	0.026478937
0	0	0.81705148	0.002832337	0.180116183
0	0	0.840270582	0.002182397	0.157547021
0	0	0.83660019	0.000823696	0.162576114
0	0	0.971497895	0.000264938	0.028237167
0	0	0.950487838	0.000263837	0.049248325
0	0	0.978871972	0.000322872	0.020805156
0	0	0.626851763	0.001625491	0.371522746
0	0	0.549897715	0.006010045	0.44409224
0	0	0.991681187	0.000102664	0.00821615
0	0	0.94673525	0.002188507	0.051076243
0	0	0.913561109	0.001532423	0.084906468
0	0	0.552435713	0.001109975	0.446454312
0	0	0.884175681	0.001062852	0.114761467
0	0	0.788664674	0.000127791	0.211207535
0	0	0.930901159	0.002308858	0.066789982
0	0	0.771132842	0.000886531	0.227980627
0	1	0.126980307	0.521511856	0.351507838
0	0	0.977780744	0.000408888	0.021810368
0	0	0.695501901	0.001528113	0.302969986
0	0	0.986208607	7.53258E-05	0.013716067
0	0	0.956345866	0.000528411	0.043125723
0	0	0.975288137	0.000136782	0.024575081
0	0	0.876685957	0.002657402	0.120656642
0	2	0.37473937	0.022493599	0.602767031
0	0	0.918405735	0.000197195	0.081397069
0	0	0.948097595	0.001383003	0.050519401
0	0	0.895107444	0.009170976	0.095721579
0	0	0.836557534	0.000858383	0.162584082
0	0	0.682416387	0.018165787	0.299417826
0	0	0.959814252	0.002380808	0.03780494
0	0	0.979613569	0.000337854	0.020048577
0	0	0.803001938	0.002707044	0.194291018
0	0	0.962966522	0.000379621	0.036653856
0	0	0.91736547	0.002130605	0.080503925
0	0	0.957364925	0.000305558	0.042329517
0	0	0.940795721	0.000984448	0.058219831
0	0	0.915156947	0.001071324	0.083771728
0	0	0.920370826	0.001342558	0.078286616
0	0	0.80989777	0.006015311	0.184086919
0	0	0.9353504	0.000499784	0.064149816
0	0	0.930629291	0.00112183	0.068248879
0	0	0.90183096	0.000505618	0.097663422
0	0	0.984297222	9.25254E-05	0.015610252
0	0	0.98916887	6.65079E-05	0.010764623
0	0	0.784490355	0.000682382	0.214827263
0	0	0.932377115	0.001153773	0.066469112
0	0	0.900930709	0.000857296	0.098211994
0	0	0.956275519	0.001354248	0.042370233
0	0	0.983115911	0.000242132	0.016641957
0	0	0.942575349	0.00133138	0.056093271
0	2	0.372926054	0.022042671	0.605031276
0	0	0.852027373	0.001795563	0.146177064
0	0	0.945281271	0.000393837	0.054324891
0	0	0.930299702	0.001016949	0.068683349
0	0	0.840518478	0.00120891	0.158272612
0	0	0.868508614	0.003970839	0.127520547
0	2	0.355863425	0.006577449	0.637559126
0	0	0.968052079	0.000451124	0.031496798
0	0	0.742764685	0.001720783	0.255514532
0	0	0.927301815	0.001755018	0.070943167
0	0	0.907314368	0.00054749	0.092138142
0	0	0.937875107	0.000299338	0.061825555
0	0	0.736902891	0.003934391	0.259162718
0	0	0.974590204	0.000185262	0.025224534
0	2	0.398657351	0.001419071	0.599923578
0	0	0.888173657	0.002255941	0.109570402
0	0	0.990484865	0.003442488	0.006072647
0	0	0.925979169	0.000103173	0.073917658
0	0	0.884901473	0.001896246	0.11320228
0	0	0.600529378	0.003352853	0.396117769
0	0	0.925571155	0.001044471	0.073384373
0	0	0.689281479	0.004178071	0.30654045
0	0	0.969510045	0.000393998	0.030095957
0	0	0.784196062	0.000777913	0.215026025
0	0	0.941897634	0.000802596	0.057299769
0	0	0.54647645	0.214110281	0.239413268
0	0	0.874422708	0.001256668	0.124320624
0	0	0.988749761	0.000159158	0.011091081
0	0	0.525160227	0.002969826	0.471869947
0	0	0.959240629	0.000832803	0.039926568
0	0	0.980447478	0.00011687	0.019435651
0	0	0.859790763	0.000230706	0.139978531
0	0	0.83470333	0.0022598	0.16303687
0	0	0.658994438	0.007247924	0.333757638
0	0	0.947502234	0.000534903	0.051962863
0	0	0.788082766	0.001181876	0.210735358
0	0	0.854067327	0.001846718	0.144085955
0	0	0.990331643	5.60921E-05	0.009612265
0	0	0.966079289	0.000252775	0.033667935
0	0	0.890808264	0.000563735	0.108628001
0	0	0.929425317	0.002509457	0.068065226
0	0	0.961566234	0.001216847	0.037216918
0	2	0.43396556	0.000446849	0.565587591
0	0	0.97123978	0.00024399	0.028516229
0	0	0.799055438	0.004725769	0.196218793
0	2	0.033151159	0.012262891	0.95458595
1	1	3.63206E-05	0.99987571	8.79692E-05
1	1	9.67743E-06	0.99998619	4.13256E-06
1	1	0.000119309	0.999104488	0.000776203
1	1	0.000261435	0.999573954	0.000164611
1	1	0.000889064	0.995568855	0.003542081
1	1	0.000129668	0.999667459	0.000202873
1	1	1.20383E-05	0.999982688	5.27402E-06
1	1	6.37435E-06	0.999971344	2.22821E-05
1	1	0.022896069	0.969194426	0.007909505
1	1	0.002399333	0.995545635	0.002055031
1	1	0.011980418	0.985228377	0.002791205
1	1	0.000131706	0.999265258	0.000603035
1	1	0.000349556	0.999054906	0.000595538
1	1	0.000122201	0.999658317	0.000219482
1	1	0.002758348	0.996981104	0.000260548
1	1	0.002337056	0.996642546	0.001020397
1	1	8.18064E-05	0.99974539	0.000172804
1	1	7.13724E-05	0.999700179	0.000228448
1	1	0.000784329	0.99373749	0.005478181
1	1	0.000802713	0.997788764	0.001408523
1	1	0.000938908	0.994919988	0.004141104
1	1	0.000112923	0.999694152	0.000192926
1	1	0.000368115	0.998786665	0.00084522
1	1	7.26396E-05	0.999699232	0.000228129
1	1	0.000599836	0.998246895	0.001153269
1	1	0.000147744	0.999268678	0.000583578
1	1	0.000120066	0.999727926	0.000152009
1	1	0.000129662	0.999722127	0.00014821
1	1	7.02672E-05	0.999794715	0.000135018
1	1	0.000228857	0.999485771	0.000285373
1	1	6.56836E-05	0.999739482	0.000194834
1	1	0.000187687	0.999567283	0.000245029
1	1	0.000216336	0.999320894	0.00046277
1	1	0.000315801	0.994913676	0.004770523
1	1	0.000157458	0.999745412	9.71305E-05
1	1	0.000400006	0.998171066	0.001428928
1	1	6.49997E-05	0.999771375	0.000163626
1	1	0.000128193	0.999729563	0.000142243
1	1	0.000107623	0.99962554	0.000266836
1	1	0.000377146	0.999420761	0.000202094
1	1	0.000188371	0.999503193	0.000308436
1	1	7.87189E-05	0.999872843	4.84379E-05
1	1	0.039599614	0.912619802	0.047780584
1	1	6.59281E-05	0.999854396	7.96757E-05
1	1	0.021411742	0.960966411	0.017621847
1	1	0.004760449	0.992614128	0.002625423
1	1	7.59755E-05	0.999800392	0.000123632
1	1	0.000168376	0.999691068	0.000140555
1	1	0.00020309	0.998939814	0.000857096
1	1	0.000518388	0.998813455	0.000668157
1	1	0.000198356	0.999051953	0.000749692
1	1	0.000324576	0.998311364	0.00136406
1	1	6.57291E-05	0.999731203	0.000203068
1	1	0.000248212	0.999071999	0.000679789
1	1	6.71208E-05	0.999883329	4.95506E-05
1	1	7.05982E-05	0.999794627	0.000134775
1	0	0.525126806	0.396644245	0.078228949
1	1	0.000103477	0.999734191	0.000162332
1	1	0.000143748	0.999752421	0.000103831
1	1	1.98139E-05	0.999974726	5.45965E-06
1	1	0.000115877	0.999316007	0.000568116
1	1	0.000244307	0.999314614	0.000441079
1	1	0.000137479	0.999658062	0.000204459
1	1	0.011008177	0.987857384	0.001134439
1	1	0.002066683	0.984412307	0.013521011
1	1	0.002268723	0.994576503	0.003154775
1	1	0.000247291	0.997955368	0.001797341
1	1	0.000188283	0.998935822	0.000875895
1	1	0.000282313	0.999505448	0.00021224
1	1	0.001551222	0.997790453	0.000658325
1	1	0.000150822	0.999590004	0.000259174
1	1	7.8856E-05	0.999812831	0.000108313
1	1	0.001182397	0.997990442	0.000827161
1	1	0.000348684	0.998854946	0.000796371
1	1	6.22101E-05	0.999706142	0.000231647
1	1	0.000432473	0.998110841	0.001456686
1	1	0.000165796	0.99904938	0.000784824
1	1	0.000219198	0.99886612	0.000914682
1	1	0.000118866	0.999283611	0.000597524
1	1	0.000116667	0.999709687	0.000173646
1	1	0.000132394	0.999572456	0.00029515
1	1	0.000207744	0.999194547	0.000597709
1	1	0.000132798	0.999620586	0.000246616
1	1	0.000129582	0.99980473	6.56879E-05
1	1	9.42726E-05	0.999780217	0.000125511
1	1	0.001617299	0.997904699	0.000478001
1	1	0.000639395	0.999212099	0.000148506
1	1	5.29176E-05	0.999924539	2.25432E-05
1	1	4.90454E-05	0.999836091	0.000114864
1	1	0.000613193	0.998170251	0.001216556
1	1	0.000544105	0.997734067	0.001721828
1	1	0.000115969	0.999812034	7.19969E-05
1	1	3.6384E-05	0.999917307	4.63086E-05
1	1	7.12064E-05	0.999772023	0.00015677
1	1	2.26879E-05	0.999922307	5.50055E-05
1	1	0.000188418	0.999653571	0.000158011
1	1	0.00032438	0.998607327	0.001068293
1	1	0.000379251	0.998589218	0.00103153
1	1	0.000202394	0.999407734	0.000389872
1	1	5.16868E-05	0.999792524	0.000155789
1	1	9.42846E-05	0.999507769	0.000397947
1	1	0.000114336	0.999534959	0.000350705
1	1	0.000299258	0.999396018	0.000304724
1	1	2.99212E-05	0.999858183	0.000111896
1	1	0.00025658	0.999329431	0.000413989
1	1	0.002784316	0.987327879	0.009887805
1	1	4.81504E-05	0.999819449	0.0001324
1	1	7.97601E-05	0.9997127	0.00020754
1	1	7.64534E-06	0.999985156	7.19867E-06
1	1	1.1528E-05	0.999971238	1.7234E-05
1	1	0.000405564	0.99896773	0.000626706
1	1	0.000578091	0.976598748	0.022823161
1	1	0.000590068	0.998229261	0.001180671
1	1	0.001421249	0.993104607	0.005474144
1	1	0.00018969	0.999579916	0.000230394
1	1	0.000999327	0.992202005	0.006798668
1	1	0.000199316	0.999479893	0.000320791
1	1	0.001376068	0.988441847	0.010182085
1	1	0.000631544	0.99795927	0.001409186
1	1	0.000872884	0.996896569	0.002230547
1	1	0.007472497	0.919959126	0.072568376
1	1	0.138960482	0.697002915	0.164036603
1	1	4.63485E-05	0.999879018	7.46335E-05
1	1	0.000310167	0.999200222	0.000489611
1	1	2.13673E-05	0.999951497	2.7136E-05
1	1	7.42131E-05	0.999830285	9.55014E-05
1	1	1.66308E-05	0.999943958	3.94114E-05
1	1	0.000511331	0.999207623	0.000281046
1	0	0.440564052	0.145977988	0.41345796
1	1	0.001956536	0.991357734	0.00668573
1	1	0.000516428	0.997728375	0.001755197
1	1	0.00118395	0.997304921	0.001511128
1	1	0.000180925	0.999369825	0.00044925
1	1	6.14102E-05	0.999865989	7.26008E-05
1	1	0.000281533	0.999240973	0.000477494
1	1	0.000191261	0.999229428	0.000579311
1	1	0.000141131	0.999678196	0.000180673
1	1	6.91079E-05	0.999558641	0.000372251
1	1	0.000249027	0.998753362	0.000997611
1	1	2.91393E-05	0.999875632	9.52292E-05
1	1	0.002465264	0.977793716	0.01974102
1	1	0.002001871	0.992654087	0.005344042
1	1	6.92251E-05	0.999853469	7.73054E-05
1	1	2.08817E-05	0.999963894	1.5224E-05
1	1	5.59293E-05	0.999877817	6.62535E-05
1	1	0.000162437	0.9994804	0.000357162
1	1	0.000228017	0.998510655	0.001261328
1	1	0.000266807	0.998317426	0.001415767
1	1	0.000343664	0.998553916	0.00110242
1	1	0.001754657	0.990463656	0.007781687
1	1	0.000334342	0.999055105	0.000610553
1	1	3.55055E-06	0.999992074	4.37586E-06
1	1	4.83479E-05	0.999813089	0.000138563
1	1	2.60504E-05	0.999922888	5.10616E-05
1	1	1.44541E-05	0.999966188	1.93574E-05
1	1	2.86695E-05	0.999922555	4.87757E-05
1	1	3.17004E-05	0.999917968	5.03314E-05
1	1	0.000216135	0.999190861	0.000593004
1	1	8.93656E-05	0.999825661	8.49732E-05
1	1	1.6731E-05	0.999954727	2.85417E-05
1	1	5.661E-06	0.999989767	4.57223E-06
1	0	0.503439451	0.448031458	0.048529092
1	1	0.000157201	0.999615645	0.000227154
1	1	5.43405E-05	0.99985958	8.60794E-05
1	1	0.000102441	0.999581416	0.000316142
1	1	7.84586E-06	0.999975344	1.68102E-05
1	1	3.76939E-05	0.999888636	7.36703E-05
1	1	0.046290936	0.82323869	0.130470374
1	1	3.53576E-05	0.999902208	6.24342E-05
1	1	0.000189879	0.999574863	0.000235259
1	2	0.304159071	0.138068622	0.557772306
1	1	0.003054172	0.982016787	0.014929041
1	1	0.000124831	0.999748147	0.000127022
1	1	0.000372144	0.999471602	0.000156254
1	2	0.12313515	0.180563503	0.696301346
1	1	1.10472E-05	0.999966519	2.2434E-05
1	1	1.9752E-05	0.99994325	3.69976E-05
1	1	0.000109494	0.99946034	0.000430166
1	1	9.49212E-05	0.999736341	0.000168738
1	1	2.06246E-06	0.999990802	7.13564E-06
1	1	6.20764E-05	0.999855993	8.19301E-05
1	1	2.84336E-05	0.99996053	1.10361E-05
1	1	0.000229786	0.999336257	0.000433957
1	1	3.52348E-05	0.999923309	4.14561E-05
1	1	4.78906E-05	0.99980937	0.000142739
1	1	5.29773E-05	0.999852072	9.49512E-05
1	1	4.80132E-05	0.999865864	8.6123E-05
1	1	0.000562234	0.995219335	0.004218431
1	1	3.00305E-05	0.999902281	6.76883E-05
1	1	0.037538543	0.837204382	0.125257075
1	1	0.001725669	0.996166805	0.002107526
1	1	0.000102169	0.999615374	0.000282457
1	1	0.000115632	0.999800394	8.39743E-05
1	1	0.000815674	0.997008173	0.002176154
1	1	7.78315E-06	0.999950468	4.17484E-05
1	1	6.48053E-05	0.999876767	5.84275E-05
1	1	0.003305276	0.994678916	0.002015808
1	1	0.000275368	0.999396929	0.000327703
1	1	0.000245365	0.999534763	0.000219872
1	1	0.000139386	0.99953538	0.000325234
1	1	6.825E-06	0.999981158	1.20166E-05
1	1	0.001415541	0.98378913	0.01479533
1	1	0.00245324	0.988421836	0.009124924
1	1	0.000134798	0.999563701	0.000301501
1	1	8.19787E-05	0.999449042	0.00046898
1	1	0.00013581	0.999648064	0.000216125
1	1	8.55935E-05	0.999799386	0.00011502
1	1	3.76747E-05	0.999879238	8.30871E-05
1	1	0.000656296	0.995810669	0.003533035
1	1	6.0524E-05	0.999229778	0.000709698
1	1	0.000219254	0.999622645	0.000158101
1	1	5.25796E-05	0.999816874	0.000130546
1	1	0.000279673	0.99951066	0.000209667
1	1	2.32944E-05	0.999904428	7.22777E-05
1	1	0.00039954	0.99850436	0.0010961
1	1	0.000625962	0.997581856	0.001792183
1	1	0.000281725	0.998621608	0.001096667
1	1	0.00080021	0.99716759	0.0020322
1	1	0.000162344	0.999307104	0.000530552
1	1	0.000153265	0.999457039	0.000389696
1	1	0.000180586	0.999095259	0.000724155
1	1	0.00073318	0.996187725	0.003079095
1	1	0.0001799	0.999189924	0.000630177
1	1	0.00210881	0.995180173	0.002711017
1	1	2.22124E-05	0.999938843	3.8945E-05
1	1	5.13189E-05	0.999848502	0.000100179
1	1	2.25182E-05	0.999915221	6.22604E-05
1	1	3.8854E-05	0.999900442	6.07041E-05
1	1	0.000247971	0.998903746	0.000848282
1	1	0.000949969	0.997022997	0.002027034
1	1	0.000115444	0.999679252	0.000205304
1	1	0.000320089	0.998789041	0.00089087
1	1	0.000144222	0.999540754	0.000315025
1	1	0.000412904	0.998804971	0.000782125
1	1	0.000682425	0.997046174	0.002271402
1	1	0.000338931	0.998987831	0.000673237
1	1	0.002488137	0.993997232	0.003514631
1	1	9.44767E-05	0.999842692	6.28313E-05
1	1	0.000109637	0.999763935	0.000126428
1	1	4.75062E-05	0.999849717	0.000102777
1	1	0.000536977	0.997746674	0.001716349
1	1	8.65025E-06	0.999977416	1.39334E-05
1	1	0.000369881	0.999071269	0.00055885
1	1	0.010010588	0.808146476	0.181842936
1	1	0.127422982	0.672237781	0.200339238
1	0	0.631400659	0.030634923	0.337964419
1	1	0.019176631	0.934668963	0.046154405
1	1	0.000169194	0.99963289	0.000197916
1	1	6.4587E-05	0.999802032	0.000133381
1	1	0.000332766	0.999328357	0.000338878
1	1	7.05251E-05	0.99975772	0.000171755
1	1	8.38805E-05	0.99968215	0.00023397
1	1	0.000202403	0.999250864	0.000546733
1	1	7.51453E-05	0.9998135	0.000111355
1	1	0.000157566	0.999233844	0.00060859
1	1	0.000317563	0.998466736	0.001215701
1	1	9.21915E-05	0.999756901	0.000150908
1	1	0.000113725	0.999577075	0.0003092
1	1	0.000345993	0.999509457	0.000144549
1	1	0.000223702	0.999503478	0.00027282
1	1	0.000162186	0.999436298	0.000401516
1	1	0.000233595	0.998381079	0.001385325
1	1	1.55017E-05	0.999938281	4.62171E-05
1	1	1.39301E-05	0.999942878	4.31919E-05
1	1	8.69335E-05	0.999632827	0.000280239
1	1	0.001562357	0.997642796	0.000794848
1	1	0.000422915	0.997962439	0.001614646
1	1	9.96275E-05	0.999627981	0.000272391
1	1	0.001073996	0.996836374	0.002089629
1	1	7.06922E-05	0.999824949	0.000104359
1	1	6.00404E-05	0.99980768	0.00013228
1	1	0.000157788	0.999744964	9.72471E-05
1	1	3.35821E-05	0.999884058	8.23596E-05
1	1	0.000233232	0.999121458	0.000645311
1	1	0.000431578	0.999436825	0.000131597
1	1	0.004350924	0.993057184	0.002591892
1	1	0.000287649	0.999328928	0.000383423
1	1	0.000201572	0.999336436	0.000461992
1	1	4.26381E-05	0.999938192	1.917E-05
1	1	0.000315251	0.998559152	0.001125597
1	1	8.55102E-05	0.999824658	8.98315E-05
1	1	1.14192E-05	0.999981319	7.26227E-06
1	1	0.000169334	0.999565335	0.00026533
1	1	5.16787E-05	0.999835156	0.000113165
1	1	1.81511E-05	0.999920208	6.16412E-05
1	1	0.000111772	0.999750117	0.000138111
1	1	9.32306E-05	0.999864958	4.18117E-05
1	1	2.27383E-05	0.999940257	3.70049E-05
1	1	3.048E-05	0.999859807	0.000109713
1	1	8.39128E-05	0.999567713	0.000348375
1	1	8.33621E-05	0.999783818	0.00013282
1	1	1.14041E-05	0.999961364	2.72314E-05
1	1	0.000137858	0.999411568	0.000450574
1	1	0.001967641	0.99509199	0.002940369
1	1	5.98949E-05	0.999880604	5.95009E-05
1	1	5.42195E-05	0.999829902	0.000115878
1	1	0.000175621	0.999119216	0.000705163
1	1	8.66331E-05	0.999771629	0.000141738
1	1	0.000443085	0.999151561	0.000405354
1	1	8.75874E-05	0.99972621	0.000186203
1	1	0.000252128	0.999225784	0.000522088
1	1	5.51241E-05	0.999875684	6.91921E-05
1	1	0.000294102	0.999216866	0.000489032
1	1	0.000265097	0.999187329	0.000547574
1	1	0.000735976	0.995198097	0.004065927
1	1	0.000182544	0.999479306	0.00033815
1	1	0.000433349	0.999332318	0.000234333
1	1	0.000674017	0.998645736	0.000680247
1	1	0.000226295	0.999527654	0.000246051
1	1	0.000983172	0.998773993	0.000242835
1	1	5.59759E-05	0.999910508	3.35159E-05
1	1	0.000310927	0.998946845	0.000742228
1	1	0.000200148	0.999445831	0.000354021
1	1	0.000163403	0.999708611	0.000127986
1	1	0.153025209	0.795684438	0.051290352
1	1	5.25671E-05	0.999879284	6.81485E-05
1	1	8.77903E-05	0.99984097	7.12398E-05
1	1	0.00011139	0.999829663	5.89471E-05
1	1	3.72208E-05	0.99975834	0.000204439
1	1	3.98581E-05	0.999915756	4.43861E-05
1	1	0.000396872	0.999203748	0.00039938
1	1	7.72199E-05	0.999846512	7.62683E-05
1	1	0.000316773	0.999475425	0.000207802
1	1	0.000115237	0.999777016	0.000107747
1	1	0.014584	0.979973029	0.005442971
1	1	8.24235E-05	0.999560635	0.000356941
1	1	1.35498E-05	0.999962916	2.35346E-05
1	1	7.5579E-05	0.999867402	5.70186E-05
1	1	1.52451E-05	0.999950704	3.40511E-05
1	1	0.000204213	0.998555293	0.001240494
1	1	0.00031694	0.998202004	0.001481056
1	1	0.000750494	0.99702491	0.002224597
1	1	6.99948E-05	0.999810194	0.000119812
1	1	0.069615994	0.771544493	0.158839513
1	1	0.000209562	0.999509363	0.000281075
1	1	7.8381E-05	0.999770619	0.000151
1	1	0.00035186	0.999322357	0.000325783
1	1	0.000401382	0.999302957	0.000295661
1	1	6.80822E-05	0.999805939	0.000125979
1	1	0.000333563	0.999220744	0.000445693
1	1	0.000536243	0.99907654	0.000387218
1	1	6.85284E-05	0.999837373	9.4099E-05
1	1	0.000236982	0.999272392	0.000490626
1	1	0.000294833	0.999198776	0.000506391
1	1	0.000448384	0.999439912	0.000111704
1	1	0.018447816	0.952077079	0.029475105
1	1	7.0962E-05	0.999834571	9.44665E-05
1	1	0.000104771	0.999665207	0.000230022
1	1	0.281635121	0.676013019	0.04235186
1	1	4.29265E-05	0.99977973	0.000177344
1	1	0.0006385	0.998113344	0.001248155
1	1	0.000162481	0.999647968	0.000189551
1	1	0.038467922	0.933204815	0.028327263
1	1	0.000239421	0.999411178	0.000349401
1	1	0.000202921	0.998706116	0.001090963
1	1	0.000173613	0.999618306	0.000208081
1	1	0.000234927	0.999064727	0.000700346
1	1	0.000378869	0.997981233	0.001639899
1	1	0.000341787	0.998978827	0.000679386
1	1	0.001163191	0.996916537	0.001920272
1	1	0.000236203	0.999080322	0.000683475
1	1	0.000364333	0.998857558	0.00077811
1	1	0.021174402	0.950314512	0.028511086
1	1	4.55222E-05	0.999890059	6.44185E-05
1	1	0.000211097	0.99900576	0.000783143
1	1	0.000152355	0.999504135	0.000343509
1	1	0.000518727	0.997969591	0.001511682
1	1	0.00026311	0.998862023	0.000874867
1	1	0.000376492	0.998486909	0.0011366
1	1	0.000193212	0.999475302	0.000331486
1	1	0.000122565	0.999629259	0.000248176
1	1	0.005379171	0.981060693	0.013560136
1	1	0.000140936	0.999594283	0.000264781
1	1	0.000215798	0.999532274	0.000251928
1	1	0.005401446	0.989566306	0.005032248
1	1	0.00776856	0.98455017	0.00768127
1	1	0.000293877	0.998950638	0.000755486
1	1	0.000305096	0.999217373	0.00047753
1	1	0.000462106	0.998584437	0.000953457
1	1	0.000235435	0.9992262	0.000538365
1	1	8.28149E-05	0.999697958	0.000219227
1	1	0.00075797	0.994051225	0.005190805
1	1	0.004496179	0.970904278	0.024599543
1	1	0.000210702	0.99913403	0.000655268
1	1	0.004813166	0.960597162	0.034589672
1	1	0.002305304	0.966143474	0.031551223
1	1	0.000489186	0.996438021	0.003072793
1	1	0.000374086	0.997178017	0.002447897
1	1	0.000120767	0.999648962	0.000230272
1	1	0.003505896	0.92532591	0.071168194
1	1	0.001545818	0.98215926	0.016294921
1	1	0.00370352	0.57662016	0.41967632
1	1	0.000886822	0.988401982	0.010711195
1	1	0.003267704	0.983765556	0.01296674
1	1	0.004811349	0.780845657	0.214342994
1	1	0.000158688	0.998431036	0.001410276
1	1	0.001682594	0.984108959	0.014208447
1	1	0.004431636	0.980800273	0.014768091
1	2	0.014098428	0.223355199	0.762546373
1	1	0.000246484	0.998689294	0.001064222
1	1	0.001718952	0.940785086	0.057495962
1	1	0.001029111	0.987123645	0.011847244
1	1	0.000550223	0.997616566	0.001833211
1	1	0.011574779	0.90454176	0.083883462
1	1	0.006190331	0.682313032	0.311496637
1	1	0.000635857	0.99050882	0.008855323
1	1	0.000302935	0.993528521	0.006168544
1	1	0.000441776	0.996597462	0.002960763
1	1	0.00032226	0.994263125	0.005414616
1	1	0.000214295	0.99854324	0.001242465
1	1	0.001008055	0.985671197	0.013320748
1	1	0.002717452	0.988209621	0.009072926
1	1	0.000831153	0.988272168	0.01089668
1	1	0.000428261	0.997824952	0.001746787
1	1	0.003183723	0.947049324	0.049766953
1	1	0.000214826	0.998818146	0.000967029
1	1	0.000274149	0.994376284	0.005349567
1	1	0.00030132	0.998664799	0.00103388
1	1	0.00069608	0.995364988	0.003938931
1	1	0.000647713	0.996045118	0.003307169
1	1	0.001651849	0.983281327	0.015066824
1	1	0.004413915	0.965998287	0.029587798
1	2	0.010002107	0.015233483	0.97476441
1	1	0.006152169	0.814198882	0.179648949
1	2	0.036231997	0.0649841	0.898783902
1	1	0.000249948	0.999143946	0.000606106
1	2	0.009673717	0.444438926	0.545887356
1	1	0.00035369	0.997913115	0.001733194
1	2	0.012460009	0.041084225	0.946455766
1	1	0.007557549	0.89690227	0.095540181
1	1	0.00033955	0.997813812	0.001846638
1	2	0.088470947	0.070964107	0.840564945
1	1	0.000299472	0.998014007	0.00168652
1	1	0.009952262	0.582482948	0.407564789
1	1	0.00353033	0.908315133	0.088154537
1	1	0.005585743	0.770868209	0.223546048
1	1	0.008575853	0.915756513	0.075667634
1	1	0.000133525	0.99917875	0.000687725
1	1	0.000636945	0.997575359	0.001787696
1	1	0.001010123	0.994233567	0.00475631
1	1	0.000112622	0.999029519	0.000857859
1	1	0.000352443	0.998679888	0.000967669
1	1	8.19422E-05	0.999703256	0.000214801
1	1	0.00033063	0.996993848	0.002675522
1	1	0.000322369	0.996692206	0.002985425
1	1	0.001961115	0.97800324	0.020035646
1	1	0.000662091	0.996000989	0.00333692
1	1	0.000111664	0.999380535	0.000507802
1	1	0.000351322	0.996997647	0.00265103
1	1	0.007542765	0.958135156	0.034322079
1	1	0.000809203	0.995748309	0.003442488
1	1	0.000503795	0.996265135	0.00323107
1	1	0.000163745	0.999502631	0.000333623
1	1	0.00693129	0.978328988	0.014739722
1	1	0.073818284	0.797838705	0.128343011
1	1	0.000288056	0.995355743	0.0043562
1	1	0.000562535	0.997545912	0.001891553
1	1	0.000209719	0.996066595	0.003723686
1	2	0.304898217	0.028909724	0.666192059
1	1	0.013965977	0.961047811	0.024986212
1	1	0.000110429	0.999659711	0.00022986
1	1	0.000444521	0.998089471	0.001466008
1	1	0.000236996	0.998931579	0.000831425
1	1	0.000470354	0.998277034	0.001252612
1	1	0.000319117	0.998747088	0.000933795
1	1	6.03028E-05	0.999268221	0.000671476
1	1	0.000533158	0.99850887	0.000957972
1	1	0.000898665	0.994515119	0.004586216
1	1	2.76857E-05	0.999904788	6.75262E-05
1	1	0.000484208	0.995712532	0.00380326
1	1	0.000751784	0.996644618	0.002603598
1	1	0.000877401	0.990400072	0.008722527
1	1	0.000125426	0.999406317	0.000468257
1	1	0.004274767	0.977041942	0.018683291
1	1	0.001923695	0.983136223	0.014940082
1	1	0.000548625	0.999205231	0.000246144
1	1	9.44025E-05	0.999357273	0.000548325
1	2	0.124644412	0.421097744	0.454257845
1	1	0.000217146	0.99886083	0.000922024
1	1	0.008562302	0.943568649	0.047869048
1	2	0.105383906	0.042170036	0.852446057
1	1	0.001388564	0.992840868	0.005770567
1	1	0.000577557	0.996801977	0.002620466
1	1	0.000969823	0.952184496	0.046845681
1	1	0.006702376	0.842405971	0.150891653
1	1	0.000171577	0.99543075	0.004397673
1	1	0.00530706	0.825127642	0.169565298
1	1	0.001192116	0.897604741	0.101203143
1	1	0.000975383	0.985919863	0.013104754
1	1	0.001261083	0.973570983	0.025167934
1	1	0.000520463	0.997909558	0.00156998
1	1	3.63489E-05	0.999752629	0.000211022
1	1	0.000153206	0.999473941	0.000372853
1	1	0.000167659	0.999321718	0.000510623
1	1	0.00018305	0.998147989	0.001668961
1	1	0.006515822	0.806685131	0.186799046
1	1	0.000248126	0.997728268	0.002023606
1	1	0.000427336	0.997164617	0.002408047
1	1	0.001138596	0.995849129	0.003012275
1	1	0.000274861	0.99566543	0.004059709
1	1	0.000124793	0.999646999	0.000228208
1	1	0.000212632	0.999552209	0.000235159
1	0	0.758253429	0.149817467	0.091929104
1	1	0.000185685	0.998943479	0.000870836
1	1	0.0021217	0.945598104	0.052280196
1	1	0.000360464	0.998381898	0.001257639
1	1	0.00020906	0.999309241	0.000481699
1	2	0.01963786	0.011754773	0.968607367
1	1	0.000523699	0.997309696	0.002166605
1	1	0.000844895	0.994616782	0.004538323
1	1	0.000115357	0.999025843	0.0008588
1	1	8.22523E-05	0.9997805	0.000137248
1	1	0.00012562	0.999652694	0.000221686
1	1	0.002131955	0.986772545	0.011095499
1	1	0.000547469	0.99789788	0.001554651
1	1	7.4963E-05	0.999684735	0.000240302
1	1	0.000609785	0.997099759	0.002290456
1	1	0.000635528	0.999046819	0.000317652
1	1	0.00044989	0.99869314	0.00085697
1	1	0.000116519	0.999540337	0.000343144
1	1	0.000785921	0.995058294	0.004155785
1	1	0.000138256	0.99949816	0.000363583
1	1	0.000280237	0.998425063	0.0012947
1	1	0.000151164	0.999056436	0.0007924
1	1	0.005077192	0.968993904	0.025928904
1	2	0.017765529	0.013238908	0.968995563
1	1	0.000124243	0.999432015	0.000443742
1	1	0.005141726	0.991470108	0.003388166
1	1	0.038328034	0.901699739	0.059972228
1	1	0.000866289	0.993032645	0.006101066
1	1	0.000126912	0.999579702	0.000293386
1	1	0.002761007	0.985447295	0.011791697
1	1	0.000299722	0.998347444	0.001352834
1	1	9.01296E-05	0.999637831	0.00027204
1	1	0.000286822	0.998452051	0.001261127
1	1	5.44988E-05	0.999768814	0.000176687
1	1	0.00187811	0.987193477	0.010928412
1	1	5.1901E-05	0.999826863	0.000121236
1	1	0.019573418	0.813196198	0.167230384
1	1	0.00018172	0.997959885	0.001858395
1	1	0.000796024	0.996525428	0.002678547
1	1	7.78951E-05	0.999752009	0.000170096
1	1	0.000252712	0.998641348	0.00110594
1	1	7.05661E-05	0.999340184	0.00058925
1	1	0.004243697	0.979198876	0.016557427
1	1	0.000279487	0.999346475	0.000374038
1	1	0.001118171	0.997642097	0.001239731
1	1	0.020868685	0.955896549	0.023234766
1	2	0.060620482	0.304184015	0.635195503
1	1	0.007750464	0.715765596	0.276483939
1	1	7.40879E-05	0.999741578	0.000184335
1	1	0.010482091	0.726303687	0.263214221
1	1	0.00043774	0.992146034	0.007416226
1	1	0.00040923	0.989817796	0.009772975
1	1	0.000526515	0.99717322	0.002300265
1	1	0.001506609	0.989659803	0.008833588
1	1	0.00122174	0.939432763	0.059345497
1	1	0.000217748	0.999026332	0.000755921
1	1	0.000424793	0.996896733	0.002678474
1	1	0.000473263	0.996348276	0.00317846
1	1	0.000647392	0.989793482	0.009559126
1	1	0.000448425	0.99773276	0.001818815
1	1	0.001145781	0.985832913	0.013021305
1	1	0.001061332	0.989722817	0.009215851
1	1	0.001123154	0.993605739	0.005271107
1	1	0.000264298	0.998568834	0.001166868
1	2	0.297053339	0.021027092	0.681919568
1	1	0.00137099	0.946180429	0.052448581
1	1	0.000509407	0.993557817	0.005932776
1	2	0.072076651	0.327382808	0.600540541
1	1	0.007109189	0.912773808	0.080117003
1	1	0.000723767	0.993877234	0.005399
1	1	0.012243821	0.784244914	0.203511265
1	1	0.038389428	0.764240182	0.19737039
1	1	7.46856E-05	0.999676679	0.000248635
1	1	0.000168507	0.998565041	0.001266452
1	2	0.146996116	0.126672645	0.726331239
1	2	0.47085241	0.041864771	0.487282819
1	1	0.00165231	0.964658593	0.033689097
1	1	0.00165651	0.991989945	0.006353545
1	1	0.012264563	0.779469869	0.208265568
1	2	0.059080294	0.037761778	0.903157928
1	1	0.001930522	0.930470657	0.067598821
1	1	0.000954405	0.987556098	0.011489497
1	1	0.001367688	0.993984384	0.004647928
1	2	0.064073003	0.280934939	0.654992057
1	1	0.000361135	0.985348362	0.014290504
1	1	2.29648E-05	0.999954045	2.29901E-05
1	1	0.001868678	0.984595617	0.013535705
1	1	0.000620801	0.996107351	0.003271848
1	1	0.000184681	0.999317753	0.000497566
1	1	0.002222798	0.93305743	0.064719772
1	1	0.002679358	0.971437876	0.025882765
1	1	0.001154461	0.994593349	0.004252189
1	1	3.2659E-05	0.999911141	5.62003E-05
1	1	0.000524257	0.995980065	0.003495678
1	1	0.001101597	0.995615392	0.003283011
1	1	0.003185639	0.918693829	0.078120532
1	1	0.001129508	0.981499845	0.017370647
1	1	0.048475513	0.689494544	0.262029943
1	1	0.005760624	0.954555469	0.039683908
1	1	0.000683343	0.997988567	0.00132809
1	1	0.000849524	0.989125087	0.010025389
1	2	0.322521058	0.040288595	0.637190347
1	1	0.015025745	0.586730184	0.398244071
1	0	0.565973448	0.004902019	0.429124533
1	1	0.000439514	0.998960581	0.000599905
1	1	0.080106451	0.825803115	0.094090434
1	1	0.000410846	0.997611396	0.001977758
1	1	0.000115514	0.995790835	0.004093651
1	1	0.000244661	0.997465189	0.00229015
1	1	0.000349131	0.99674279	0.002908079
1	1	0.019094226	0.80382854	0.177077234
1	1	0.000946757	0.991368886	0.007684357
1	1	0.00106648	0.994822118	0.004111401
1	1	6.54661E-05	0.999622244	0.00031229
1	1	0.00046694	0.996197484	0.003335576
1	1	0.001484294	0.98421027	0.014305435
1	1	0.004203237	0.962712593	0.03308417
1	0	0.752346408	0.001391381	0.246262211
1	1	6.32692E-05	0.999787693	0.000149038
1	1	0.000258399	0.999095145	0.000646456
1	1	0.000178946	0.999372924	0.00044813
1	1	9.85372E-05	0.999823383	7.808E-05
1	1	3.00565E-05	0.999967577	2.36618E-06
1	1	3.78797E-05	0.999905661	5.64591E-05
1	1	0.000515371	0.996084775	0.003399854
1	1	4.55283E-05	0.999923352	3.11195E-05
1	1	0.000551961	0.999166471	0.000281569
1	1	9.31155E-05	0.999830166	7.67183E-05
1	1	0.000478482	0.998908118	0.000613401
1	1	6.13634E-05	0.999802833	0.000135804
1	1	6.1216E-05	0.999897848	4.09359E-05
1	1	2.69091E-05	0.999954465	1.86261E-05
1	1	1.0979E-05	0.999977938	1.10827E-05
1	1	4.89674E-05	0.999843321	0.000107711
1	1	8.38119E-06	0.99997953	1.20889E-05
1	1	9.31321E-05	0.999708163	0.000198704
1	1	9.79943E-05	0.999799193	0.000102813
1	1	6.76069E-05	0.999800075	0.000132318
1	1	0.000151099	0.999625105	0.000223796
1	1	6.60586E-05	0.999831566	0.000102375
1	1	1.11182E-05	0.999977133	1.17492E-05
1	1	3.31469E-05	0.999937855	2.89986E-05
1	1	0.000890295	0.998143813	0.000965893
1	1	0.316645118	0.670874205	0.012480677
1	1	4.99941E-05	0.999894366	5.56401E-05
1	1	7.27709E-05	0.999805486	0.000121743
1	1	0.000816993	0.992746568	0.006436439
1	1	0.001024089	0.992774335	0.006201576
1	1	0.000710507	0.935726988	0.063562505
1	2	0.025103334	0.001977831	0.972918835
1	1	0.008713518	0.853269654	0.138016828
1	1	0.141826299	0.59389531	0.264278391
1	1	0.000461406	0.992793452	0.006745143
1	1	0.000740085	0.99646134	0.002798575
1	1	0.001741149	0.988753593	0.009505258
1	1	0.000109658	0.998959704	0.000930637
1	1	0.003227449	0.970093141	0.02667941
1	1	0.009815035	0.950715973	0.039468992
1	1	0.002334941	0.980719821	0.016945237
1	1	0.000159946	0.998828403	0.00101165
1	1	0.000791052	0.990200995	0.009007954
1	1	0.000258406	0.998823836	0.000917758
1	1	0.006867172	0.895652333	0.097480496
2	2	0.067341866	0.002381385	0.930276749
2	2	0.061343065	0.005678472	0.932978464
2	2	0.153574539	0.048603038	0.797822423
2	2	0.228392951	0.153310859	0.61829619
2	2	0.189050198	0.080827122	0.730122681
2	2	0.033750341	0.00302131	0.963228349
2	2	0.043050387	0.001032488	0.955917125
2	2	0.020659506	0.003132638	0.976207856
2	2	0.032493335	0.001051413	0.966455252
2	2	0.087570156	0.016250769	0.896179075
2	2	0.055102397	0.003191507	0.941706096
2	2	0.058978834	0.00346315	0.937558015
2	0	0.770438218	0.00192314	0.227638642
2	2	0.447181378	0.002463207	0.550355415
2	2	0.065240264	0.001132896	0.93362684
2	2	0.12731323	0.027928577	0.844758194
2	0	0.520448975	0.002562778	0.476988247
2	2	0.128877367	0.002019927	0.869102706
2	0	0.530358452	0.011969397	0.457672152
2	2	0.285887593	0.000743489	0.713368918
2	2	0.335062602	0.004886212	0.660051186
2	2	0.045015431	0.007694497	0.947290072
2	2	0.108598085	0.004660179	0.886741736
2	2	0.062275636	0.005036797	0.932687567
2	2	0.074615864	0.033752454	0.891631682
2	2	0.302153474	0.01317782	0.684668706
2	2	0.034042987	0.002600033	0.963356981
2	2	0.093198054	0.002804224	0.903997722
2	2	0.057538826	0.002103831	0.940357343
2	2	0.028332508	0.000586554	0.971080938
2	2	0.071906768	0.014605094	0.913488138
2	2	0.024513091	0.001490792	0.973996117
2	2	0.031559892	0.001161006	0.967279102
2	2	0.058150575	0.007513758	0.934335667
2	2	0.088055907	0.080243994	0.831700099
2	2	0.033785382	0.003238882	0.962975736
2	2	0.02725842	0.003743655	0.968997925
2	2	0.186960782	0.007832634	0.805206584
2	0	0.692752753	0.000975381	0.306271866
2	2	0.111890445	0.005643589	0.882465966
2	2	0.019336518	0.003947946	0.976715536
2	2	0.309642915	0.015082268	0.675274817
2	2	0.113984588	0.01717171	0.868843702
2	2	0.116981792	0.005394168	0.87762404
2	2	0.229156537	0.000523984	0.770319479
2	2	0.04862324	0.00522629	0.94615047
2	2	0.02808697	0.009728948	0.962184081
2	2	0.019613586	0.312630655	0.667755759
2	2	0.01776013	0.000470884	0.981768987
2	2	0.03858134	0.001480632	0.959938029
2	2	0.016206398	0.001091449	0.982702154
2	2	0.415676262	0.002709886	0.581613851
2	2	0.140040952	0.009875282	0.850083766
2	2	0.092153705	0.001104351	0.906741944
2	2	0.170840666	0.016809284	0.81235005
2	2	0.039762022	0.007526365	0.952711612
2	0	0.586066925	0.003942575	0.4099905
2	2	0.029330526	0.001607257	0.969062217
2	2	0.351950964	0.003473601	0.644575435
2	0	0.818953976	0.000239435	0.180806588
2	0	0.889770196	0.001315298	0.108914506
2	2	0.098159068	0.009909455	0.891931477
2	1	0.008226345	0.761920222	0.229853432
2	2	0.110915252	0.007460082	0.881624666
2	2	0.058971864	0.003674659	0.937353476
2	2	0.094040328	0.003229488	0.902730184
2	2	0.072463674	0.005130409	0.922405917
2	2	0.046482643	0.002645815	0.950871542
2	2	0.048168637	0.007848388	0.943982975
2	2	0.092859174	0.029897776	0.87724305
2	2	0.060970073	0.006983031	0.932046896
2	2	0.047914147	0.001088947	0.950996906
2	2	0.088818864	0.002132082	0.909049054
2	2	0.029591124	0.004784945	0.965623931
2	2	0.059900605	0.001032607	0.939066788
2	2	0.11284189	0.066187236	0.820970874
2	1	0.092467393	0.503637152	0.403895456
2	2	0.396579008	0.017915662	0.58550533
2	2	0.027057807	0.000534072	0.97240812
2	2	0.222424757	0.011799874	0.765775369
2	2	0.068150801	0.000510596	0.931338603
2	2	0.129353484	0.102601119	0.768045397
2	2	0.004040906	0.000933018	0.995026076
2	2	0.059184702	0.343011201	0.597804097
2	2	0.03793925	0.006511606	0.955549144
2	2	0.193638267	0.006217649	0.800144084
2	2	0.365593181	0.00175439	0.632652429
2	2	0.025137033	0.000832887	0.97403008
2	0	0.630118069	0.006008092	0.363873839
2	0	0.586519195	0.001158476	0.412322329
2	2	0.137376903	0.002798625	0.859824472
2	2	0.297324304	0.002785489	0.699890207
2	2	0.080016847	0.004788117	0.915195036
2	2	0.09612947	0.001345944	0.902524585
2	2	0.0240554	0.001507963	0.974436638
2	2	0.075037735	0.005681931	0.919280334
2	1	0.038414118	0.749514047	0.212071835
2	2	0.045794093	0.000404847	0.953801059
2	0	0.815536511	0.009242812	0.175220677
2	2	0.023161992	0.016857787	0.959980221
2	2	0.180714402	0.002466297	0.816819301
2	2	0.090578735	0.003258019	0.906163246
2	2	0.008156995	0.002762334	0.989080671
2	2	0.013644119	0.001880821	0.98447506
2	2	0.102561431	0.023804198	0.873634371
2	2	0.071894064	0.36216275	0.565943187
2	2	0.027179463	0.444416265	0.528404272
2	2	0.154362611	0.003195695	0.842441694
2	2	0.181334385	0.005656146	0.813009469
2	2	0.022493693	0.001338079	0.976168229
2	2	0.171019549	0.006209484	0.822770967
2	2	0.386895079	0.001703617	0.611401304
2	2	0.045761741	0.001968454	0.952269805
2	2	0.467493105	0.035708352	0.496798544
2	2	0.265823284	0.001333533	0.732843183
2	2	0.160833265	0.006304529	0.832862206
2	2	0.006776798	0.000844513	0.992378689
2	2	0.009415263	0.462354582	0.528230155
2	2	0.021252302	0.004110584	0.974637114
2	2	0.041918871	0.00829569	0.949785439
2	2	0.130972299	0.014041059	0.854986641
2	2	0.083726652	0.0048957	0.911377647
2	1	0.011092613	0.879258927	0.109648459
2	2	0.025497967	0.088961058	0.885540974
2	2	0.026562567	0.004884676	0.968552757
2	2	0.071281893	0.001913899	0.926804209
2	2	0.117254995	0.007546252	0.875198753
2	2	0.020000554	0.001950255	0.978049191
2	2	0.060707334	0.000716028	0.938576638
2	2	0.03213037	0.002509044	0.965360586
2	2	0.029035909	0.007887138	0.963076953
2	2	0.011102412	0.001214051	0.987683538
2	2	0.196894809	0.003698656	0.799406535
2	2	0.016296864	0.000149012	0.983554124
2	2	0.015638058	0.002542397	0.981819545
2	2	0.021321479	0.00145545	0.977223072
2	2	0.281711817	0.058456601	0.659831582
2	2	0.071109211	0.005163512	0.923727278
2	2	0.030866026	0.000723435	0.968410538
2	0	0.845408877	0.002493832	0.152097291
2	2	0.150161955	0.001215572	0.848622473
2	2	0.073034623	0.00663417	0.920331207
2	2	0.025876231	0.002445439	0.97167833
2	2	0.086353798	0.017186992	0.89645921
2	2	0.066617316	0.006187088	0.927195596
2	2	0.109029167	0.001954658	0.889016175
2	2	0.236863819	0.003161306	0.759974874
2	2	0.116168793	0.005042713	0.878788494
2	2	0.175685269	0.031734174	0.792580557
2	2	0.178070758	0.078420156	0.743509086
2	2	0.061205563	0.017722554	0.921071883
2	2	0.040586416	0.002097683	0.957315901
2	2	0.117189979	0.002304345	0.880505676
2	2	0.066850817	0.00808462	0.925064562
2	1	0.030709286	0.555498036	0.413792679
2	2	0.323622055	0.005976746	0.670401199
2	2	0.323374266	0.003581961	0.673043773
2	2	0.111013414	0.008080478	0.880906107
2	2	0.00717299	0.001918076	0.990908934
2	2	0.047373438	0.269444298	0.683182264
2	2	0.421401211	0.010789629	0.56780916
2	0	0.726378598	0.002010275	0.271611127
2	0	0.626400626	0.001451925	0.372147449
2	0	0.715215689	0.008429894	0.276354417
2	2	0.256812267	0.008353205	0.734834527
2	1	0.006653297	0.939560743	0.05378596
2	2	0.252171387	0.001318651	0.746509963
2	2	0.070272318	0.005019739	0.924707943
2	2	0.107292209	0.009592255	0.883115536
2	2	0.492127787	0.001719508	0.506152705
2	0	0.794532089	0.000868623	0.204599288
2	2	0.19149501	0.003167244	0.805337746
2	2	0.019259245	0.001094821	0.979645933
2	2	0.076999804	0.011854445	0.911145751
2	2	0.174733523	0.014676713	0.810589764
2	2	0.059886214	0.001835738	0.938278048
2	2	0.088318271	0.000404642	0.911277087
2	2	0.313058119	0.008913695	0.678028185
2	2	0.102882708	0.058973582	0.838143711
2	2	0.052010307	0.010466105	0.937523588
2	2	0.083703799	0.019719034	0.896577167
2	2	0.210777409	0.007028706	0.782193885
2	2	0.309278859	0.009461617	0.681259524
2	2	0.062894646	0.001249897	0.935855457
2	2	0.264795945	0.003073016	0.732131038
2	2	0.160276857	0.007831098	0.831892045
2	2	0.049008337	0.002293755	0.948697908
2	2	0.002963576	0.000190138	0.996846286
2	2	0.201248673	0.00961324	0.789138087
2	2	0.097073385	0.003131359	0.899795255
2	2	0.087596836	0.001401362	0.911001802
2	2	0.049290881	0.007168806	0.943540313
2	2	0.479552307	0.00359755	0.516850143
2	2	0.054606273	0.001372383	0.944021343
2	2	0.079116888	0.004324197	0.916558916
2	2	0.176654565	0.002777903	0.820567533
2	2	0.278297319	0.00124258	0.7204601
2	2	0.235666326	0.005246268	0.759087406
2	2	0.09669054	0.002660504	0.900648956
2	2	0.069127053	0.004250541	0.926622407
2	2	0.074916104	0.029864452	0.895219444
2	1	0.006617713	0.978332711	0.015049576
2	2	0.381395173	0.014507069	0.604097758
2	0	0.987429236	0.001113719	0.011457045
2	0	0.872528073	0.00119279	0.126279137
2	2	0.017362507	0.000124969	0.982512524
2	0	0.836957374	0.001402383	0.161640243
2	2	0.473240745	0.011740028	0.515019227
2	2	0.107955765	0.003022613	0.889021623
2	2	0.112570645	0.001815536	0.885613818
2	2	0.010461714	0.00110387	0.988434416
2	2	0.083564788	0.018298558	0.898136655
2	2	0.31883153	0.009904239	0.671264231
2	2	0.115121998	0.004375813	0.880502189
2	2	0.138928636	0.002765608	0.858305756
2	2	0.144132825	0.003314263	0.852552912
2	2	0.049536331	0.002224887	0.948238782
2	2	0.268647999	0.017980754	0.713371247
2	2	0.051730649	0.010550259	0.937719092
2	2	0.074764199	0.002411235	0.922824566
2	2	0.352574351	0.00267637	0.644749278
2	0	0.50724722	0.002707156	0.490045624
2	2	0.448833715	0.003781242	0.547385043
2	2	0.16156147	0.011702303	0.826736226
2	0	0.713478216	0.002016477	0.284505307
2	2	0.463443073	0.002616882	0.533940045
2	2	0.029652069	0.000701126	0.969646806
2	0	0.819147997	0.001120376	0.179731626
2	0	0.808333741	0.006218166	0.185448093
2	2	0.271908543	0.009160179	0.718931277
2	0	0.819393403	0.005102162	0.175504435
2	2	0.170829094	0.011006253	0.818164653
2	2	0.029577979	0.02073722	0.949684801
2	0	0.820212797	0.001327323	0.17845988
2	0	0.922736224	0.001445194	0.075818582
2	2	0.435531333	0.004619871	0.559848796
2	2	0.054150716	0.002373038	0.943476246
2	0	0.548998381	0.001115046	0.449886573
2	2	0.346019205	0.02324045	0.630740345
2	0	0.554612109	0.003361775	0.442026116
2	2	0.409441657	0.005334496	0.585223847
2	2	0.162574237	0.00375818	0.833667583
2	2	0.12393755	0.014387759	0.86167469
2	0	0.976010633	0.001669582	0.022319784
2	2	0.295151991	0.130698147	0.574149862
2	2	0.131235887	0.052941968	0.815822145
2	2	0.247602419	0.096749417	0.655648164
2	2	0.093318579	0.004045557	0.902635864
2	2	0.093157069	0.12434836	0.782494571
2	0	0.760885814	0.003243598	0.235870588
2	2	0.153951394	0.002652326	0.84339628
2	2	0.254690114	0.00115621	0.744153676
2	0	0.569723555	0.001964723	0.428311722
2	2	0.097334528	0.001982094	0.900683378
2	2	0.2566091	0.0027959	0.740595
2	0	0.985690691	0.000133419	0.01417589
2	2	0.216803517	0.000854868	0.782341615
2	2	0.450781831	0.015117961	0.534100208
2	2	0.303997654	0.008531114	0.687471232
2	2	0.03326542	0.011918817	0.954815764
2	2	0.018729042	0.004379679	0.976891279
2	2	0.115628964	0.001140294	0.883230741
2	2	0.049456618	0.008834777	0.941708604
2	2	0.034194591	0.0217664	0.944039009
2	0	0.57458732	0.001531966	0.423880713
2	0	0.828799849	0.001594051	0.1696061
2	2	0.173487811	0.010599505	0.815912683
2	2	0.270281944	0.00130691	0.728411146
2	0	0.662766467	0.008113446	0.329120087
2	0	0.737086192	0.008768843	0.254144966
2	2	0.126136691	0.001360247	0.872503063
2	2	0.03453242	0.028078344	0.937389236
2	2	0.163906451	0.049669738	0.786423811
2	2	0.112380314	0.003503242	0.884116444
2	2	0.067242228	0.008120579	0.924637194
2	2	0.129479821	0.008632421	0.861887757
2	1	0.000781278	0.986117888	0.013100834
2	2	0.048590661	0.018384931	0.933024408
2	0	0.650205281	0.002876828	0.346917892
2	2	0.099364396	0.004139578	0.896496026
2	2	0.112646028	0.002032874	0.885321099
2	2	0.126564439	0.005470399	0.867965162
2	2	0.348726694	0.00456943	0.646703876
2	2	0.019255163	0.000620692	0.980124145
2	2	0.356721522	0.156672153	0.486606324
2	2	0.443629568	0.006496021	0.549874411
2	2	0.075367656	0.226870239	0.697762105
2	0	0.692264731	0.000882381	0.306852888
2	0	0.72332585	0.001897163	0.274776987
2	1	0.007046362	0.966142658	0.02681098
2	2	0.292600801	0.000979718	0.706419481
2	2	0.069902531	0.03538549	0.894711979
2	2	0.076024126	0.007119594	0.91685628
2	2	0.172161654	0.002796682	0.825041663
2	2	0.292908122	0.002401177	0.704690701
2	0	0.724339708	0.000690707	0.274969585
2	2	0.355897133	0.017857824	0.626245043
2	2	0.060635856	0.018431965	0.920932179
2	2	0.476098986	0.002653092	0.521247922
2	2	0.259372102	0.001357526	0.739270373
2	2	0.187460404	0.002107427	0.810432169
2	0	0.60653853	0.13093071	0.26253076
2	0	0.663992126	0.001864458	0.334143416
2	0	0.972978866	0.000411792	0.026609342
2	0	0.952986663	0.000385352	0.046627986
2	2	0.119453946	0.011122064	0.869423989
2	2	0.161072814	0.000978785	0.837948401
2	0	0.803936985	0.000922305	0.19514071
2	2	0.147300292	0.002413247	0.850286461
2	2	0.210136744	0.000790538	0.789072718
2	2	0.086488037	0.004183742	0.90932822
2	0	0.727695464	0.002962349	0.269342187
2	2	0.261621097	0.000782155	0.737596748
2	2	0.078318957	0.001482292	0.920198751
2	2	0.217445048	0.001811846	0.780743106
2	2	0.290236588	0.003211687	0.706551725
2	2	0.191816907	0.000684505	0.807498588
2	2	0.048813803	0.001707471	0.949478726
2	2	0.301895337	0.021301562	0.676803101
2	0	0.620931808	0.001586803	0.377481389
2	2	0.099830503	0.005751	0.894418496
2	2	0.045742762	0.004569179	0.949688059
2	2	0.1205478	0.026207519	0.853244681
2	2	0.122297475	0.326966067	0.550736458
2	2	0.158921952	0.031419013	0.809659035
2	2	0.075416093	0.001222528	0.923361379
2	0	0.733535104	0.000789445	0.265675451
2	0	0.585126489	0.004064652	0.410808859
2	0	0.935262081	0.00042717	0.064310749
2	0	0.509829202	0.002092534	0.488078264
2	2	0.04551687	0.003037039	0.951446091
2	2	0.042892279	0.003271641	0.95383608
2	0	0.756810307	0.002065377	0.241124316
2	0	0.946469191	0.000454089	0.05307672
2	0	0.971760708	0.000169062	0.02807023
2	0	0.845039329	0.005328039	0.149632632
2	0	0.773044292	0.001542241	0.225413467
2	2	0.34393301	0.001714029	0.65435296
2	2	0.070535245	0.002224679	0.927240076
2	2	0.165076842	0.007752467	0.827170692
2	2	0.070303624	0.002631682	0.927064693
2	1	0.157499019	0.718682179	0.123818803
2	2	0.194070708	0.003837889	0.802091402
2	0	0.865056815	0.002851643	0.132091543
2	2	0.077556241	0.003795451	0.918648308
2	2	0.040927048	0.005332879	0.953740073
2	2	0.041273105	0.005730547	0.952996348
2	2	0.314430195	0.003274817	0.682294987
2	0	0.775355462	0.00272351	0.221921027
2	2	0.101390171	0.005440528	0.893169301
2	2	0.066360782	0.000824817	0.932814401
2	2	0.229642293	0.003483449	0.766874259
2	2	0.351553592	0.00065926	0.647787148
2	2	0.132703001	0.016040448	0.851256551
2	2	0.072794881	0.036827529	0.890377591
2	1	0.009437041	0.732851022	0.257711937
2	2	0.034082964	0.005951228	0.959965808
2	2	0.135965839	0.003456663	0.860577498
2	2	0.097806519	0.005430826	0.896762655
2	2	0.154569672	0.001183463	0.844246865
2	2	0.21887101	0.005493593	0.775635397
2	2	0.409639403	0.001389407	0.58897119
2	2	0.351519951	0.003534128	0.644945921
2	0	0.511316392	0.002693358	0.48599025
2	0	0.90784511	0.001262727	0.090892163
2	2	0.040708977	0.006925766	0.952365257
2	2	0.127823742	0.025471299	0.846704959
2	2	0.229793825	0.000674207	0.769531967
2	2	0.073629077	0.002160285	0.924210639
2	2	0.261641003	0.029700781	0.708658216
2	2	0.4396276	0.001887264	0.558485136
2	2	0.077976185	0.002088411	0.919935404
2	0	0.643916463	0.001703814	0.354379723
2	0	0.519360951	0.021708396	0.458930653
2	2	0.070600991	0.008321514	0.921077496
2	0	0.57612855	0.007061312	0.416810138
2	2	0.034108615	0.002509416	0.96338197
2	2	0.056843894	0.000964359	0.942191747
2	2	0.066397701	0.001574696	0.932027603
2	2	0.010662241	0.000818001	0.988519758
2	2	0.078802156	0.006731785	0.914466059
2	2	0.019278683	0.000282776	0.980438541
2	2	0.137854374	0.01743183	0.844713796
2	2	0.146701952	0.054663871	0.798634177
2	2	0.064102586	0.000581168	0.935316246
2	2	0.094502363	0.001863255	0.903634383
2	2	0.065817729	0.000823896	0.933358375
2	2	0.311532137	0.048637873	0.63982999
2	0	0.905638341	0.000638994	0.093722665
2	2	0.050270829	0.001472741	0.948256431
2	2	0.287828078	0.000538194	0.711633728
2	2	0.166520059	0.001743363	0.831736578
2	1	0.08458428	0.67394495	0.24147077
2	2	0.21551175	0.010764088	0.773724162
2	2	0.19769015	0.007183602	0.795126248
2	2	0.094938221	0.002148621	0.902913157
2	1	0.038243472	0.868591456	0.093165072
2	0	0.876321493	0.006343515	0.117334992
2	2	0.300762959	0.021050461	0.67818658
2	2	0.061038672	0.00381068	0.935150648
2	2	0.019551827	0.002390419	0.978057754
2	2	0.329954956	0.009440002	0.660605043
2	2	0.368801426	0.007941946	0.623256628
2	0	0.719815798	0.001913235	0.278270968
2	2	0.082916506	0.00170819	0.915375304
2	2	0.060337042	0.002416563	0.937246395
2	2	0.086338581	0.002083974	0.911577445
2	0	0.61287075	0.005536453	0.381592797
2	2	0.055348012	0.006473007	0.938178981
2	0	0.840159781	0.003881385	0.155958834
2	0	0.99420219	0.000264753	0.005533058
2	2	0.216844322	0.00837524	0.774780439
2	2	0.261826672	0.004266026	0.733907302
2	0	0.607857218	0.003430274	0.388712508
2	0	0.835268823	0.013357174	0.151374003
2	0	0.729994232	0.002715121	0.267290647
2	0	0.546264748	0.001318512	0.45241674
2	0	0.527209051	0.001866747	0.470924202
2	2	0.13295922	0.023808495	0.843232285
2	2	0.249057006	0.001536307	0.749406687
2	0	0.811430061	0.001028805	0.187541133
2	2	0.156339064	0.006407231	0.837253705
2	2	0.24093239	0.00369107	0.75537654
2	2	0.159248531	0.003046417	0.837705052
2	2	0.116556692	0.00163228	0.881811028
2	0	0.667075246	0.005452656	0.327472097
2	2	0.089627288	0.00362901	0.906743702
2	2	0.094958042	0.000494175	0.904547783
2	0	0.563310065	0.001914258	0.434775677
2	0	0.656722698	0.003101736	0.340175566
2	0	0.650620818	0.004730009	0.344649174
2	0	0.679387808	0.00164377	0.318968423
2	2	0.064444875	0.002083836	0.933471289
2	2	0.013932672	0.002450364	0.983616964
2	2	0.052831641	0.000631164	0.946537195
2	2	0.132142949	0.003155618	0.864701433
2	2	0.316650172	0.006061138	0.67728869
2	0	0.649717642	0.003381901	0.346900457
2	0	0.618593256	0.022361662	0.359045082
2	2	0.438046594	0.001063138	0.560890267
2	2	0.175089178	0.006147192	0.81876363
2	2	0.011043839	0.004614819	0.984341341
2	2	0.047805369	0.011763929	0.940430702
2	0	0.727251776	0.00413494	0.268613284
2	1	0.018089356	0.572907159	0.409003485
2	2	0.082798306	0.007781177	0.909420517
2	2	0.271305772	0.016574187	0.712120041
2	2	0.458198461	0.00226937	0.539532169
2	2	0.269265064	0.015796624	0.714938312
2	0	0.926703348	0.001715378	0.071581274
2	1	0.039899611	0.861234274	0.098866115
2	2	0.470923249	0.034553026	0.494523725
2	2	0.199063505	0.002684847	0.798251647
2	0	0.915123535	0.005867678	0.079008786
2	0	0.956708138	0.001261244	0.042030619
2	0	0.913229142	0.001937671	0.084833187
2	2	0.206242047	0.00073635	0.793021603
2	2	0.153206646	0.001243074	0.84555028
2	2	0.058659529	0.003903018	0.937437453
2	2	0.089185862	0.191698251	0.719115888
2	0	0.979487847	0.001271414	0.019240739
2	0	0.609880592	0.000814373	0.389305035
2	2	0.220349743	0.000880043	0.778770213
2	2	0.116451312	0.017645367	0.865903321
2	2	0.351612218	0.070529349	0.577858434
2	2	0.05584333	0.003902628	0.940254042
2	0	0.706945102	0.020278334	0.272776564
2	0	0.504384598	0.041868722	0.45374668
2	2	0.434708316	0.001618137	0.563673548
2	2	0.394743424	0.01128231	0.593974266
2	0	0.859794303	0.001591685	0.138614012
2	2	0.139637821	0.007880191	0.852481988
2	2	0.266498809	0.003263727	0.730237464
2	2	0.326981837	0.00433883	0.668679334
2	0	0.638731741	0.016288911	0.344979348
2	0	0.562649136	0.001736994	0.435613869
2	2	0.086647163	0.005352931	0.907999906
2	2	0.16885925	0.00862673	0.82251402
2	2	0.365962746	0.003273408	0.630763847
2	2	0.135373885	0.01036195	0.854264164
2	0	0.673225248	0.006883863	0.319890889
2	2	0.083232719	0.005860533	0.910906748
2	2	0.018586717	0.001418567	0.979994716
2	2	0.238173119	0.024893278	0.736933604
2	2	0.176348602	0.006713784	0.816937614
2	2	0.106424679	0.011182359	0.882392962
2	2	0.107308464	0.002703933	0.889987602
2	2	0.354369405	0.005456676	0.640173918
2	2	0.157457504	0.001740993	0.840801503
2	1	0.048057655	0.598365294	0.353577051
2	2	0.17192451	0.003345966	0.824729524
2	2	0.089040961	0.25526354	0.655695499
2	0	0.731069271	0.007123564	0.261807164
2	2	0.051042509	0.000858609	0.948098881
2	2	0.009248469	0.00059999	0.990151541
2	0	0.631878661	0.001731689	0.36638965
2	2	0.158788612	0.126289114	0.714922275
2	2	0.270945887	0.007347199	0.721706915
2	2	0.027109782	0.02228903	0.950601189
2	2	0.11352013	0.005371892	0.881107978
2	2	0.151118474	0.010172257	0.838709269
2	2	0.255084227	0.024164722	0.720751051
2	2	0.039223998	0.002353465	0.958422537
2	2	0.098307244	0.004834597	0.896858159
2	0	0.5827909	0.02947164	0.38773746
2	2	0.173099743	0.003231893	0.823668364
2	2	0.102323082	0.002218953	0.895457965
2	2	0.213601593	0.005915716	0.780482691
2	2	0.050265757	0.009786698	0.939947545
2	2	0.212123844	0.256818671	0.531057485
2	2	0.031245929	0.001182805	0.967571266
2	1	0.015227642	0.943420708	0.04135165
2	2	0.029340969	0.003285388	0.967373642
2	2	0.361371332	0.019999476	0.618629192
2	2	0.269291171	0.0182706	0.712438229
2	0	0.926052714	0.001747928	0.072199358
2	2	0.429590398	0.00856113	0.561848472
2	2	0.421534823	0.001776602	0.576688576
2	2	0.216897083	0.016688552	0.766414365
2	2	0.04514869	0.001616497	0.953234813
2	2	0.381700811	0.001873929	0.616425261
2	2	0.024493595	0.003257668	0.972248736
2	2	0.367389941	0.06580026	0.566809798
2	2	0.377999392	0.000838193	0.621162416
2	2	0.082442981	0.00211511	0.915441909
2	0	0.779135589	0.000719704	0.220144706
2	2	0.060139068	0.003538701	0.936322231
2	2	0.092111967	0.005265125	0.902622908
2	2	0.279734059	0.00393708	0.71632886
2	0	0.669526143	0.001732855	0.328741002
2	2	0.190364393	0.002945092	0.806690515
2	2	0.418549543	0.075218354	0.506232103
2	0	0.794864811	0.004984196	0.200150994
2	2	0.090259994	0.00513867	0.904601335
2	2	0.175773143	0.004727016	0.819499841
2	2	0.49632555	0.003262299	0.500412152
2	2	0.402805578	0.012169758	0.585024665
2	2	0.394353802	0.002567027	0.60307917
2	2	0.374185953	0.001000753	0.624813294
2	2	0.478374606	0.001331351	0.520294043
2	0	0.742826698	0.002071479	0.255101823
2	2	0.328567695	0.006195622	0.665236683
2	2	0.296697729	0.028301474	0.675000798
2	2	0.080497408	0.005781857	0.913720735
2	0	0.873244242	0.002925061	0.123830697
2	2	0.367915424	0.002000612	0.630083964
2	2	0.121465513	0.007544587	0.8709899
2	2	0.043572815	0.002837529	0.953589656
2	0	0.879678729	0.000804493	0.119516778
2	2	0.474375475	0.000834018	0.524790507
2	0	0.585476452	0.0017802	0.412743347
2	2	0.14924727	0.006033362	0.844719367
2	0	0.533232098	0.002873575	0.463894328
2	2	0.240585044	0.000284499	0.759130457
2	2	0.226341463	0.002692162	0.770966374
2	0	0.596984873	0.004601083	0.398414044
2	2	0.106820094	0.001643694	0.891536212
2	2	0.048574774	0.001764918	0.949660307
2	2	0.069887089	0.005494683	0.924618228
2	2	0.079698634	0.002801493	0.917499873
2	0	0.649551801	0.006709219	0.343738979
2	2	0.167135667	0.007763287	0.825101046
2	2	0.21711093	0.001628743	0.781260327
2	0	0.854753265	0.005976965	0.139269771
2	0	0.927342647	0.000818668	0.071838686
2	0	0.635960736	0.00506998	0.358969284
2	0	0.801360427	0.000432796	0.198206778
2	0	0.847903336	0.000447968	0.151648696
2	2	0.278423971	0.002803434	0.718772595
2	2	0.032136895	0.075204024	0.892659081
2	2	0.21597398	0.018886699	0.765139321
2	2	0.182198579	0.012757217	0.805044203
2	0	0.542790918	0.001559436	0.455649647
2	0	0.61605078	0.00415507	0.37979415
2	2	0.120443633	0.009392222	0.870164145
2	2	0.402592635	0.017640991	0.579766374
2	2	0.14822797	0.000483237	0.851288793
2	2	0.353148968	0.007220975	0.639630057
2	2	0.285396802	0.008910056	0.705693142
2	0	0.770785244	0.001541891	0.227672864
2	2	0.175003953	0.236065323	0.588930724
2	0	0.959687404	0.00031547	0.039997126
2	0	0.519123003	0.003817672	0.477059325
2	0	0.716177719	0.003979389	0.279842892
2	0	0.861368274	0.006272168	0.132359558
2	0	0.534410758	0.00118065	0.464408593
2	0	0.718689128	0.002696431	0.278614442
2	2	0.043576212	0.052620796	0.903802992
2	2	0.058151952	0.0083308	0.933517249
2	2	0.140778734	0.367855204	0.491366062
2	2	0.113121608	0.001811334	0.885067059
2	0	0.878277576	0.003382323	0.118340101
2	2	0.155579375	0.024952052	0.819468574
2	2	0.162865355	0.043182003	0.793952642
2	2	0.180405612	0.020477111	0.799117277
2	2	0.048352875	0.0055685	0.946078625
2	0	0.871767778	0.001291137	0.126941085
2	2	0.360663969	0.018015756	0.621320276
2	0	0.715888934	0.003933089	0.280177977
2	2	0.316386839	0.014625486	0.668987675
2	2	0.104266058	0.010947881	0.884786062
2	2	0.312802274	0.021742552	0.665455174
2	0	0.911054839	0.001701658	0.087243503
2	0	0.759974148	0.000614212	0.239411641
2	0	0.804862974	0.000940233	0.194196793
2	0	0.846452866	0.002747124	0.15080001
2	2	0.171208699	0.002057071	0.826734229
2	2	0.16906483	0.001717865	0.829217305
2	2	0.018910551	0.001219353	0.979870097
2	0	0.771289146	0.001207876	0.227502978
2	2	0.488700105	0.012976617	0.498323278
2	0	0.658214671	0.000359274	0.341426055
2	2	0.44219241	0.027559439	0.53024815
2	2	0.243336097	0.016002478	0.740661424
2	2	0.067311092	0.003023228	0.92966568
2	2	0.020564438	0.002067548	0.977368015
2	2	0.320088038	0.021983586	0.657928377
2	2	0.071514601	0.00079168	0.92769372
2	2	0.108704194	0.111033325	0.780262481
2	2	0.058279381	0.007373175	0.934347444
2	0	0.556356907	0.004287098	0.439355995
2	2	0.077946435	0.000996628	0.921056938
2	2	0.149417006	0.005241151	0.845341843
2	2	0.183528325	0.010241714	0.806229961
2	2	0.241059215	0.002107795	0.75683299
2	2	0.058572014	0.002858386	0.9385696
2	2	0.216370858	0.000894396	0.782734745
2	2	0.295674167	0.002729608	0.701596225
2	2	0.243556341	0.006162289	0.75028137
2	2	0.171716615	0.001993607	0.826289778
2	2	0.068995756	0.003641315	0.927362928
2	2	0.02266392	0.000934236	0.976401844
2	2	0.396165751	0.003892426	0.599941822
2	2	0.053470977	0.002139215	0.944389808
2	0	0.763523437	0.000261229	0.236215334
2	2	0.453359765	0.00256584	0.544074395
2	0	0.817347327	0.004299781	0.178352892
2	1	0.021201752	0.868687814	0.110110435
2	2	0.120344936	0.022891418	0.856763646
2	0	0.835158068	0.000340214	0.164501717
2	2	0.170418627	0.007238094	0.822343279
2	0	0.544976368	0.016881907	0.438141725
2	2	0.153303989	0.001454152	0.845241859
2	2	0.107282209	0.000899121	0.89181867
2	2	0.342260604	0.047426087	0.610313309
2	0	0.635934848	0.004463781	0.359601372
2	2	0.056782074	0.002333153	0.940884773
2	2	0.086416496	0.003097448	0.910486056
2	2	0.095501304	0.001753897	0.9027448
2	2	0.143192755	0.027001479	0.829805766
2	0	0.80668363	0.000559133	0.192757237
2	0	0.761402974	0.001383011	0.237214015
2	2	0.148717108	0.001444764	0.849838129
2	0	0.807539045	0.000672799	0.191788156
2	0	0.639258815	0.010784494	0.34995669
2	2	0.26188761	0.004474593	0.733637797
2	2	0.122543749	0.005910723	0.871545528
2	2	0.180529953	0.00201435	0.817455697
2	2	0.407250972	0.001267986	0.591481043
2	2	0.099511397	0.017182169	0.883306434
2	2	0.148115055	0.007938222	0.843946723
2	2	0.351324245	0.001440672	0.647235083
2	2	0.047975954	0.001132582	0.950891464
2	2	0.149158145	0.005021392	0.845820463
2	0	0.58740695	0.005509742	0.407083307
2	2	0.191816773	0.002943033	0.805240194
2	0	0.93226509	0.002367932	0.065366978
2	1	0.132464855	0.779316586	0.088218559
2	0	0.909073963	0.018986467	0.07193957
2	2	0.312479675	0.003532972	0.683987353
2	2	0.040771052	0.000822154	0.958406794
2	0	0.827894769	0.017513746	0.154591485
2	2	0.021524867	0.000867022	0.977608111
2	2	0.05800075	0.001645684	0.940353566
2	2	0.088250429	0.001081424	0.910668147
2	0	0.609285352	0.001322583	0.389392065
2	0	0.749775515	0.002857291	0.247367194
2	2	0.368240901	0.016072944	0.615686155
2	2	0.252119347	0.007101475	0.740779177
2	2	0.321208964	0.01092214	0.667868896
2	2	0.102365083	0.006366473	0.891268444
2	0	0.936540811	0.000844925	0.062614263
2	0	0.513009367	0.003082972	0.483907661
2	2	0.437686323	0.001492276	0.560821401
2	0	0.792408461	0.000951778	0.206639761
2	0	0.880404986	0.000635643	0.118959371
2	0	0.552087466	0.006134978	0.441777556
2	1	0.120488097	0.545308108	0.334203795
2	2	0.139533255	0.007515015	0.852951731
2	2	0.137178819	0.03682899	0.825992191
2	2	0.135114314	0.001793773	0.863091913
2	2	0.138465968	0.039382619	0.822151413
2	2	0.165353477	0.000352849	0.834293674
2	2	0.052516905	0.003852164	0.94363093
2	2	0.042101304	0.000826611	0.957072085
2	0	0.932922832	0.000993444	0.066083724
2	0	0.914146222	0.002849634	0.083004144
2	0	0.678674898	0.000998144	0.320326958
2	2	0.346382365	0.002660844	0.650956791