0	0	0.987637661	0.000847738	0.011514601
0	0	0.963082361	0.002996482	0.033921157
0	0	0.995054321	0.000223845	0.004721834
0	0	0.99760255	0.000270998	0.002126452
0	0	0.994785308	0.00163661	0.003578082
0	0	0.948635197	0.015697859	0.035666944
0	0	0.994387467	0.000275196	0.005337338
0	0	0.99312153	0.000724157	0.006154312
0	0	0.988290631	0.000580118	0.01112925
0	0	0.98723319	0.00038775	0.012379059
0	0	0.996884803	8.55833E-05	0.003029614
0	0	0.996039372	0.00073029	0.003230338
0	0	0.946839176	0.003220476	0.049940348
0	0	0.993013331	0.000266294	0.006720376
0	0	0.922878032	0.002465506	0.074656462
0	0	0.716493809	0.08501006	0.198496131
0	0	0.958684773	0.001411796	0.039903431
0	0	0.963981639	0.012453133	0.023565228
0	0	0.618639495	0.003047199	0.378313306
0	0	0.882863599	0.005920795	0.111215606
0	0	0.844126431	0.004371046	0.151502524
0	0	0.982580396	0.000443917	0.016975687
0	0	0.913681128	0.000796189	0.085522683
0	0	0.905682594	0.002031733	0.092285673
0	0	0.98189517	0.000870824	0.017234006
0	0	0.994373306	0.000195208	0.005431486
0	0	0.966758851	0.001393961	0.031847188
0	0	0.978328302	0.001066461	0.020605238
0	0	0.990078423	0.000302155	0.009619422
0	0	0.995127724	0.000766187	0.004106089
0	0	0.956000773	0.00092354	0.043075687
0	0	0.98031322	0.000839434	0.018847346
0	0	0.998206558	4.1088E-05	0.001752354
0	2	0.063411225	0.079157608	0.857431166
0	2	0.239229027	0.002666379	0.758104594
0	0	0.977133918	0.001096281	0.021769801
0	0	0.989143043	0.000225269	0.010631688
0	0	0.974906665	0.001230034	0.023863301
0	0	0.971733907	0.001047998	0.027218095
0	0	0.905274015	0.001871121	0.092854864
0	0	0.890269527	0.013290165	0.096440309
0	0	0.952404187	0.001353765	0.046242048
0	0	0.975004264	0.006167798	0.018827938
0	0	0.936904442	0.004522122	0.058573437
0	0	0.989779563	0.001306801	0.008913636
0	0	0.996890084	0.000159221	0.002950694
0	0	0.976275683	0.001097292	0.022627025
0	0	0.99558471	0.001096069	0.003319221
0	0	0.962514144	0.00165359	0.035832266
0	0	0.976227994	0.002889826	0.02088218
0	0	0.993746243	0.000350632	0.005903125
0	0	0.96638342	0.000953001	0.032663579
0	0	0.994637454	0.000282713	0.005079833
0	0	0.99032069	0.000415376	0.009263934
0	0	0.972191317	0.000515073	0.02729361
0	0	0.934337024	0.002505121	0.063157854
0	0	0.915500754	0.021836245	0.062663002
0	0	0.968500236	0.00103567	0.030464093
0	0	0.948315774	0.002024834	0.049659392
0	0	0.870826482	0.00893917	0.120234348
0	0	0.967840818	0.001100834	0.031058348
0	0	0.982934692	0.000535873	0.016529434
0	0	0.999443328	2.30152E-05	0.000533657
0	0	0.994400985	0.000268539	0.005330476
0	0	0.843277853	0.004369709	0.152352437
0	0	0.978948987	0.000935737	0.020115276
0	0	0.89174378	0.030367679	0.077888541
0	0	0.996437337	0.000183303	0.00337936
0	0	0.992708773	0.000181688	0.007109539
0	0	0.900233278	0.001099388	0.098667334
0	0	0.988641697	0.000354599	0.011003704
0	0	0.989690726	0.0003082	0.010001074
0	0	0.834116442	0.002782008	0.16310155
0	0	0.953116818	0.001531944	0.045351238
0	0	0.968886036	0.001861992	0.029251972
0	0	0.997906269	0.000396396	0.001697335
0	0	0.983503381	0.000412682	0.016083937
0	0	0.979770734	0.007518891	0.012710375
0	0	0.99730322	0.000149682	0.002547098
0	0	0.707677407	0.026111827	0.266210766
0	0	0.685643685	0.007045986	0.30731033
0	0	0.971644911	0.001060447	0.027294642
0	0	0.98162025	0.000800759	0.017578991
0	0	0.996754985	0.000192686	0.003052329
0	0	0.882015634	0.007197328	0.110787038
0	0	0.999153522	7.41851E-05	0.000772293
0	0	0.972678996	0.001306503	0.026014501
0	0	0.994830494	0.000201729	0.004967777
0	0	0.949178843	0.000952274	0.049868884
0	0	0.99809428	0.000138076	0.001767644
0	0	0.975575195	0.001015648	0.023409156
0	0	0.934500949	0.001227786	0.064271265
0	0	0.970553427	0.001397195	0.028049378
0	0	0.997784364	0.000145867	0.002069769
0	0	0.98285036	0.009573098	0.007576542
0	0	0.991630098	0.000277302	0.008092601
0	0	0.888887319	0.001826443	0.109286238
0	0	0.945689699	0.001752449	0.052557852
0	0	0.980170239	0.001328734	0.018501027
0	0	0.973535065	0.001393382	0.025071553
0	0	0.98693871	0.000612693	0.012448597
0	0	0.865724567	0.001419304	0.132856129
0	0	0.913569953	0.005833166	0.080596881
0	0	0.949549076	0.002235103	0.048215822
0	0	0.971363198	0.001486167	0.027150635
0	0	0.947791741	0.002187665	0.050020594
0	0	0.918550684	0.000946104	0.080503212
0	0	0.96316828	0.0026624	0.034169319
0	0	0.874855409	0.003724224	0.121420366
0	2	0.148728211	0.104305131	0.746966659
0	0	0.934835676	0.002394731	0.062769593
0	0	0.767141336	0.006918307	0.225940357
0	0	0.98258105	0.001048418	0.016370531
0	0	0.964649858	0.001268284	0.034081857
0	0	0.970781509	0.001458344	0.027760147
0	0	0.990570079	0.000318027	0.009111894
0	0	0.995885437	0.000113612	0.004000952
0	0	0.952641547	0.014469438	0.032889015
0	0	0.947312505	0.00140092	0.051286576
0	1	0.237241091	0.390206812	0.372552097
0	0	0.994531186	0.000208602	0.005260213
0	0	0.951884488	0.001499518	0.046615994
0	0	0.772677253	0.00722727	0.220095476
0	0	0.989987572	0.000454295	0.009558133
0	0	0.972410875	0.000950068	0.026639056
0	0	0.970480298	0.00187066	0.027649043
0	0	0.973191135	0.001329204	0.02547966
0	0	0.973846577	0.001315943	0.024837479
0	0	0.974676472	0.001078645	0.024244883
0	0	0.998951391	5.06005E-05	0.000998008
0	0	0.980244683	0.001094943	0.018660374
0	0	0.942670779	0.002686441	0.05464278
0	0	0.987161759	0.000597939	0.012240302
0	0	0.993628877	0.000583835	0.005787288
0	0	0.992074916	0.00133149	0.006593594
0	0	0.994375581	0.001041139	0.00458328
0	0	0.931709438	0.00262852	0.065662042
0	0	0.920181144	0.003625784	0.076193072
0	0	0.954076137	0.002311377	0.043612486
0	0	0.959862353	0.014163807	0.02597384
0	0	0.854313164	0.024237423	0.121449414
0	0	0.994538421	0.000351684	0.005109894
0	1	0.002392825	0.996226635	0.00138054
0	0	0.955698682	0.002695389	0.041605929
0	0	0.960629269	0.00282777	0.03654296
0	0	0.906817495	0.002384147	0.090798359
0	0	0.99759849	0.000101413	0.002300096
0	0	0.990219142	0.000678566	0.009102292
0	0	0.992909472	0.000410385	0.006680144
0	0	0.94982331	0.002821521	0.047355169
0	0	0.871401883	0.034343174	0.094254943
0	0	0.951252735	0.001590391	0.047156874
0	0	0.957988067	0.001091263	0.04092067
0	0	0.993419338	0.001104235	0.005476427
0	0	0.993952541	0.000193668	0.005853791
0	0	0.529623091	0.006988498	0.463388412
0	0	0.931896736	0.002059209	0.066044054
0	0	0.97461108	0.001737137	0.023651783
0	0	0.998525711	5.8935E-05	0.001415354
0	0	0.961799393	0.000735655	0.037464953
0	0	0.991238571	0.0006615	0.008099929
0	0	0.987277206	0.000741449	0.011981345
0	0	0.963253504	0.001526407	0.035220089
0	0	0.976962355	0.004279123	0.018758521
0	0	0.970042693	0.005936027	0.02402128
0	0	0.979314392	0.001465582	0.019220025
0	0	0.99557253	0.001202518	0.003224952
0	0	0.98425047	0.001202593	0.014546936
0	0	0.967697468	0.000905308	0.031397225
0	0	0.978410446	0.001081262	0.020508291
0	0	0.980229456	0.000945527	0.018825017
0	0	0.606110776	0.003687921	0.390201303
0	0	0.745997848	0.049715796	0.204286356
0	0	0.963626348	0.001899715	0.034473938
0	0	0.984943729	0.001361905	0.013694366
0	0	0.96308732	0.007528863	0.029383817
0	0	0.995339027	0.000167241	0.004493731
0	0	0.983224102	0.00094067	0.015835228
0	2	0.118916285	0.027435005	0.853648709
0	0	0.98346609	0.000476295	0.016057614
0	0	0.98845721	0.000531233	0.011011557
0	1	0.00025855	0.997779513	0.001961937
0	0	0.97857514	0.001279024	0.020145835
0	0	0.849155538	0.005581973	0.145262488
0	0	0.995803506	0.000158492	0.004038002
0	0	0.92124087	0.002820803	0.075938328
0	0	0.989304454	0.001164046	0.0095315
0	0	0.963235273	0.002121658	0.03464307
0	0	0.692877165	0.013218968	0.293903867
0	0	0.917018562	0.0018129	0.081168538
0	0	0.983383802	0.000907737	0.015708461
0	0	0.966859318	0.00325878	0.029881902
0	0	0.974781313	0.002422047	0.02279664
0	0	0.981419564	0.000703702	0.017876733
0	0	0.967320237	0.001737296	0.030942468
0	0	0.757651999	0.107664959	0.134683041
0	0	0.94430003	0.002185936	0.053514034
0	0	0.972965504	0.001144707	0.025889789
0	1	0.217211754	0.602551237	0.180237009
0	0	0.984024178	0.00113843	0.014837392
0	2	0.037179519	0.479075419	0.483745062
0	0	0.614322882	0.365739253	0.019937864
0	0	0.988887966	0.000375191	0.010736842
0	0	0.991436915	0.000630688	0.007932397
0	0	0.988350724	0.000536031	0.011113245
0	0	0.957598203	0.002670934	0.039730862
0	0	0.981655055	0.000447822	0.017897123
0	1	0.000107999	0.997611571	0.00228043
0	0	0.968392659	0.000920386	0.030686955
0	0	0.870019435	0.003065821	0.126914744
0	0	0.997106108	0.000204386	0.002689505
0	0	0.935915305	0.002659199	0.061425496
0	0	0.405997929	0.258694559	0.335307512
0	0	0.86789533	0.006458332	0.125646338
0	0	0.996342793	4.25699E-05	0.003614637
0	0	0.998995729	8.09236E-05	0.000923348
0	0	0.990935165	0.000339341	0.008725494
0	0	0.960511855	0.001595148	0.037892997
0	0	0.972328206	0.003456282	0.024215512
0	0	0.861393722	0.006678889	0.131927389
0	2	0.09295304	0.062420542	0.844626418
0	0	0.971621145	0.003637752	0.024741103
0	0	0.932745967	0.001486067	0.065767966
0	0	0.956890687	0.000703343	0.04240597
0	0	0.931027165	0.002765685	0.066207149
0	0	0.957194178	0.000963586	0.041842237
0	0	0.993562246	0.000300381	0.006137372
0	0	0.98740841	0.000536539	0.012055051
0	0	0.977923363	0.000962743	0.021113894
0	0	0.971515882	0.001163064	0.027321054
0	0	0.999874896	4.20168E-06	0.000120903
0	0	0.960545256	0.000694267	0.038760477
0	0	0.789723175	0.004522579	0.205754245
0	0	0.871319702	0.005196623	0.123483675
0	0	0.99563429	0.002107031	0.002258679
0	0	0.93313261	0.003405008	0.063462382
0	0	0.988971276	0.000654074	0.01037465
0	0	0.994379643	0.000279325	0.005341033
0	0	0.750938374	0.006532068	0.242529558
0	0	0.969763133	0.001252638	0.028984229
0	0	0.994586707	0.000274454	0.00513884
0	0	0.76509401	0.078680765	0.156225225
0	0	0.984478727	0.001684742	0.013836531
0	2	0.445798333	0.003899962	0.550301705
0	0	0.940105404	0.002549232	0.057345364
0	0	0.985364277	0.00113543	0.013500293
0	2	0.388684089	0.025522666	0.585793245
0	0	0.995476897	0.000238526	0.004284577
0	0	0.9877022	0.000528655	0.011769145
0	0	0.928948385	0.004561508	0.066490108
0	0	0.86765934	0.004280626	0.128060034
0	0	0.824894575	0.013079624	0.162025801
0	0	0.897895739	0.005177664	0.096926597
0	0	0.979216073	0.000626913	0.020157014
0	0	0.993278455	0.000129188	0.006592358
0	0	0.900992849	0.002424675	0.096582476
0	0	0.9713298	0.000861023	0.027809177
0	0	0.937037064	0.009181796	0.053781139
0	0	0.775101957	0.014311946	0.210586096
0	0	0.978210834	0.000979342	0.020809825
0	0	0.831520671	0.003130699	0.165348631
0	0	0.961217985	0.00090285	0.037879165
0	0	0.996473524	0.000413054	0.003113422
0	0	0.993222303	0.000223835	0.006553862
0	0	0.995728578	0.002296014	0.001975408
0	0	0.877900882	0.00289543	0.119203688
0	0	0.942370561	0.002460584	0.055168855
0	0	0.862137983	0.00264036	0.135221656
0	0	0.915050418	0.008228298	0.076721284
0	0	0.926304714	0.003245285	0.070450001
0	0	0.976240645	0.003251476	0.020507878
0	0	0.999435389	4.20999E-05	0.000522511
0	0	0.998324931	0.000109611	0.001565459
0	0	0.977447987	0.000714155	0.021837858
0	0	0.984080642	0.000171445	0.015747913
0	0	0.97559537	0.000816399	0.023588231
0	0	0.971562901	0.0007406	0.027696499
0	0	0.996786384	0.000160275	0.003053341
0	0	0.977745354	0.000861956	0.02139269
0	0	0.984663124	0.000107905	0.015228971
0	0	0.984961036	0.000401239	0.014637725
0	0	0.909140293	0.009539103	0.081320604
0	0	0.980240887	0.000756085	0.019003028
0	0	0.979535729	0.000642543	0.019821728
0	0	0.935754581	0.001288338	0.062957081
0	0	0.986549889	0.000505056	0.012945055
0	0	0.950722389	0.002536594	0.046741018
0	0	0.949852113	0.003346805	0.046801081
0	0	0.971148033	0.000858283	0.027993684
0	2	0.105533888	0.338875275	0.555590837
0	0	0.976006874	0.000629751	0.023363375
0	0	0.988710961	0.000750889	0.01053815
0	0	0.980580727	0.000882713	0.01853656
0	0	0.997982042	2.51684E-05	0.001992789
0	0	0.99407424	0.000247687	0.005678073
0	0	0.985599478	0.000698409	0.013702113
0	0	0.973142785	0.000421107	0.026436108
0	0	0.998498061	4.25001E-05	0.001459439
0	0	0.974377585	0.000758964	0.024863451
0	0	0.949912977	0.003600132	0.046486892
0	0	0.968557442	0.009288785	0.022153772
0	0	0.838280256	0.02108691	0.140632834
0	0	0.936400181	0.002577302	0.061022517
0	0	0.948580021	0.001999438	0.049420541
0	0	0.97251461	0.000986971	0.02649842
0	0	0.979136588	0.001492528	0.019370885
0	0	0.976771213	0.000707691	0.022521096
0	0	0.944316234	0.001711998	0.053971768
0	0	0.983021368	0.000965153	0.01601348
0	0	0.954820127	0.001019715	0.044160158
0	0	0.994960057	0.000207257	0.004832687
0	0	0.93074708	0.002933181	0.066319739
0	0	0.973771552	0.001345649	0.024882798
0	0	0.991446808	0.000365228	0.008187964
0	0	0.97881516	0.001660872	0.019523968
0	0	0.979525357	0.000846427	0.019628216
0	0	0.967972368	0.001264913	0.030762719
0	0	0.999313292	1.00114E-05	0.000676697
0	0	0.990434328	0.002271734	0.007293938
0	0	0.914122851	0.003610568	0.082266582
0	0	0.994826761	0.000165079	0.00500816
0	0	0.967043908	0.001315404	0.031640688
0	2	0.211370632	0.005644678	0.78298469
0	0	0.924860822	0.004113373	0.071025805
0	0	0.940782179	0.002826705	0.056391116
0	0	0.692303485	0.010787892	0.296908622
0	0	0.959892634	0.005094296	0.035013071
0	0	0.954932575	0.001065177	0.044002249
0	2	0.147283125	0.181590972	0.671125903
0	0	0.988631101	3.92706E-05	0.011329628
0	0	0.991818473	0.000394648	0.007786879
0	0	0.921506756	0.003070407	0.075422837
0	0	0.997728067	0.000105936	0.002165997
0	0	0.98788766	0.00031742	0.011794921
0	0	0.919466926	0.005277192	0.075255883
0	0	0.988917943	0.000219613	0.010862444
0	0	0.977009635	0.000947334	0.022043031
0	0	0.992049923	0.000317897	0.007632179
0	0	0.985440065	0.000345069	0.014214866
0	2	0.376427487	0.004250452	0.619322061
0	0	0.95922	0.000977869	0.039802131
0	0	0.982192041	0.003227432	0.014580527
0	0	0.992724811	0.00034454	0.006930649
0	0	0.986442035	0.003871742	0.009686223
0	0	0.989157663	0.000552531	0.010289806
0	0	0.990166741	0.00055315	0.00928011
0	0	0.978192431	0.001068768	0.020738801
0	0	0.983400607	0.000529997	0.016069396
0	0	0.923181081	0.004612756	0.072206163
0	0	0.983808208	0.001177073	0.015014719
0	0	0.989119694	0.001678357	0.009201949
0	0	0.982244295	0.000873838	0.016881866
0	0	0.978825286	0.001100157	0.020074556
0	0	0.987805708	0.000309185	0.011885106
0	0	0.71870574	0.003063175	0.278231085
0	1	0.001009735	0.997934793	0.001055472
0	0	0.902828097	0.00242282	0.094749083
0	0	0.972876702	0.001595772	0.025527527
0	0	0.997301241	4.85119E-05	0.002650247
0	0	0.988234828	0.00040833	0.011356842
0	0	0.949849904	0.001919	0.048231097
0	2	0.275154777	0.003344221	0.721501002
0	0	0.958645314	0.000878202	0.040476484
0	2	0.247794468	0.011798821	0.740406711
0	0	0.994454007	0.000784345	0.004761648
0	0	0.969326038	0.000613792	0.03006017
0	2	0.057328663	0.001523028	0.941148308
0	2	0.300166987	0.002935092	0.69689792
0	0	0.982480038	0.000666097	0.016853865
0	0	0.636753827	0.003649474	0.359596699
0	0	0.874638702	0.013862826	0.111498472
0	0	0.919477772	0.000507888	0.08001434
0	0	0.997550824	0.000181846	0.00226733
0	0	0.981646785	0.000533035	0.017820181
0	0	0.951000471	0.001542978	0.04745655
0	0	0.987550106	0.002426445	0.010023449
0	0	0.797979668	0.009368782	0.19265155
0	1	0.116618796	0.752431874	0.130949331
0	2	0.037851674	0.002108075	0.960040251
0	0	0.965143311	0.000318121	0.034538568
0	0	0.945402666	0.001288026	0.053309307
0	0	0.993343861	0.000288194	0.006367945
0	0	0.961563457	0.001059355	0.037377188
0	0	0.970808656	0.001302427	0.027888918
0	0	0.904817523	0.001806576	0.093375901
0	0	0.980405275	0.00048942	0.019105305
0	0	0.989240479	0.000624089	0.010135433
0	0	0.947614525	0.000995259	0.051390216
0	2	0.335495717	0.00452451	0.659979774
0	0	0.868309615	0.002065037	0.129625348
0	0	0.948694737	0.000647774	0.050657489
0	0	0.993549422	0.000246642	0.006203935
0	0	0.99717752	0.000132513	0.002689967
0	0	0.995627985	0.000129002	0.004243013
0	2	0.030934585	0.00102406	0.968041355
0	0	0.799880708	0.02954642	0.170572871
0	0	0.958076143	0.002560819	0.039363038
0	2	0.230624837	0.027120565	0.742254598
0	0	0.785584422	0.027037585	0.187377993
0	0	0.806711322	0.010127615	0.183161062
0	0	0.986799829	0.000900565	0.012299606
0	2	0.320343755	0.01278656	0.666869685
0	0	0.995484882	0.00020989	0.004305227
0	0	0.987165414	0.000602804	0.012231782
0	0	0.998150358	0.000287741	0.001561901
0	0	0.947497088	0.003478231	0.049024681
0	0	0.97713664	0.00069366	0.0221697
0	0	0.992507169	0.000263589	0.007229242
0	0	0.992268274	0.000271442	0.007460284
0	0	0.975569184	0.005855732	0.018575083
0	0	0.942760286	0.001415258	0.055824456
0	0	0.989210973	0.000134258	0.010654769
0	0	0.927801225	0.004327186	0.067871588
0	0	0.680165772	0.019097101	0.300737127
0	2	0.337837164	0.004584422	0.657578414
0	0	0.986303094	0.002826287	0.01087062
0	0	0.940028653	0.001037808	0.058933539
0	0	0.977778714	0.000696967	0.021524318
0	0	0.976664239	0.001045654	0.022290107
0	0	0.940904313	0.00048357	0.058612117
0	0	0.966185602	0.001029894	0.032784504
0	0	0.987499	0.000917572	0.011583428
0	0	0.894152831	0.006355221	0.099491948
0	0	0.968473746	0.000500384	0.03102587
0	0	0.979881491	0.00072901	0.019389499
0	0	0.968079936	0.000978059	0.030942005
0	0	0.983921987	0.000701417	0.015376596
0	0	0.945861264	0.001371213	0.052767523
0	0	0.993581738	0.000289968	0.006128294
0	0	0.984401401	0.001760387	0.013838212
0	0	0.998687369	3.54668E-05	0.001277164
0	0	0.989880987	0.000364943	0.009754071
0	0	0.9960505	0.000352149	0.003597352
0	0	0.985791719	0.000508976	0.013699305
0	0	0.946271891	0.000900712	0.052827397
0	0	0.99456422	0.000169603	0.005266177
0	0	0.961606522	0.000883561	0.037509917
0	0	0.959823362	0.0012161	0.038960537
0	1	0.11028485	0.650451386	0.239263765
0	0	0.940995001	0.0020912	0.056913799
0	0	0.993139763	0.000262205	0.006598032
0	0	0.957766894	0.001063329	0.041169777
0	0	0.834086828	0.004165505	0.161747667
0	0	0.985166118	0.001503973	0.013329909
0	0	0.987285441	0.000658599	0.012055961
0	0	0.985019007	0.000443065	0.014537928
0	0	0.994804816	0.000325415	0.004869769
0	0	0.889055757	0.004612915	0.106331328
0	0	0.972349621	0.000882158	0.026768222
0	0	0.996820317	0.000192083	0.0029876
0	0	0.834835557	0.026683216	0.138481227
0	0	0.995814867	0.000358209	0.003826924
0	0	0.990684452	0.0003893	0.008926247
0	0	0.970928603	0.001044829	0.028026569
0	0	0.967851333	0.001787072	0.030361595
0	0	0.995284867	0.000300481	0.004414652
0	0	0.986566323	0.000483227	0.01295045
0	0	0.795582406	0.021511215	0.182906379
0	0	0.952066148	0.001722083	0.046211769
0	0	0.942033632	0.001579236	0.056387132
0	0	0.978636936	0.000718321	0.020644743
0	0	0.931465978	0.00210994	0.066424082
0	0	0.982827592	0.000418463	0.016753944
0	0	0.93491678	0.00276477	0.062318449
0	0	0.938160822	0.001966433	0.059872745
0	2	0.368715843	0.182641694	0.448642463
0	0	0.963470435	0.001659044	0.034870521
0	0	0.910039214	0.001045179	0.088915608
0	0	0.947656185	0.003035547	0.049308267
0	2	0.275948223	0.296697545	0.427354232
0	0	0.963644459	0.0019223	0.034433241
0	0	0.981511857	0.000620453	0.017867691
0	0	0.992688678	0.00025646	0.007054863
0	0	0.897109874	0.004338716	0.09855141
0	0	0.900860266	0.001902845	0.097236889
0	0	0.981548106	0.001536383	0.016915511
0	0	0.943826968	0.004447948	0.051725084
0	0	0.992551725	0.000241806	0.007206469
0	0	0.955211305	0.001063146	0.043725549
0	0	0.99700983	8.88648E-05	0.002901305
0	0	0.984931018	0.000393597	0.014675385
0	0	0.981932779	0.000749629	0.017317592
0	0	0.950654428	0.003943823	0.045401749
0	0	0.978896283	0.002103969	0.018999748
0	0	0.978273885	0.001572379	0.020153736
0	0	0.976584829	0.001328781	0.022086391
0	2	0.364674069	0.018366053	0.616959878
0	0	0.96649084	0.001270324	0.032238836
0	0	0.935409054	0.000999184	0.063591761
0	0	0.975553195	0.00119914	0.023247665
0	2	0.446119496	0.001362044	0.55251846
0	0	0.571916263	0.088101767	0.33998197
0	0	0.943257687	0.0015712	0.055171113
0	2	0.062688051	0.007417713	0.929894236
0	0	0.986858057	0.002631953	0.01050999
0	0	0.834345357	0.005322523	0.16033212
0	1	0.083549691	0.514575123	0.401875186
0	0	0.960617787	0.001069698	0.038312515
0	0	0.97627748	0.000366685	0.023355835
0	0	0.996986937	7.50379E-05	0.002938025
0	0	0.985938132	0.000146503	0.013915365
0	1	0.205783709	0.525749919	0.268466372
0	0	0.839453057	0.112510951	0.048035992
0	0	0.87878885	0.001576244	0.119634906
0	0	0.969933014	0.001277017	0.028789969
0	0	0.975400361	0.001044406	0.023555233
0	0	0.880463082	0.003657749	0.115879169
0	0	0.971546337	0.000729927	0.027723737
0	0	0.995810381	0.000190969	0.00399865
0	2	0.189246216	0.001713347	0.809040436
0	0	0.628460027	0.00350704	0.368032933
0	0	0.996019957	0.000175989	0.003804054
0	0	0.942137787	0.006121159	0.051741053
0	0	0.799835209	0.004421176	0.195743615
0	0	0.651935831	0.012824356	0.335239814
0	0	0.991936338	0.000427013	0.007636649
0	0	0.98740777	0.000482817	0.012109413
0	0	0.946929481	0.010937799	0.04213272
0	0	0.982070262	0.00101538	0.016914358
0	0	0.990186108	0.000670852	0.00914304
0	0	0.988598198	0.000388675	0.011013128
0	0	0.984099668	0.000534794	0.015365538
0	0	0.924492386	0.001115882	0.074391733
0	0	0.993305395	0.000203465	0.00649114
0	2	0.067297868	0.002009988	0.930692145
0	0	0.947290893	0.001730493	0.050978614
0	0	0.962752495	0.001223109	0.036024396
0	0	0.932346497	0.001432046	0.066221456
0	0	0.882983902	0.002706908	0.11430919
0	0	0.827168722	0.004082905	0.168748373
0	0	0.992767169	0.000337833	0.006894998
0	2	0.296773629	0.005679537	0.697546834
0	0	0.966414868	0.001005307	0.032579824
0	0	0.961351988	0.001450547	0.037197465
0	0	0.992522363	0.000292249	0.007185388
0	0	0.957844395	0.000834006	0.041321599
0	0	0.953362533	0.001188266	0.045449201
0	2	0.199929701	0.005210448	0.794859851
0	0	0.803789505	0.007533332	0.188677163
0	0	0.956529435	0.001460402	0.042010163
0	0	0.97503241	0.000764732	0.024202858
0	0	0.765376808	0.029570235	0.205052957
0	0	0.725062756	0.011620354	0.26331689
0	0	0.981038608	0.001366444	0.017594948
0	2	0.029858478	0.000943621	0.969197901
0	0	0.979140995	0.000864137	0.019994868
0	0	0.96926474	0.002259939	0.028475321
0	0	0.954071962	0.001514733	0.044413306
0	0	0.986837793	0.000646234	0.012515973
0	0	0.91385652	0.000800894	0.085342586
0	0	0.956415815	0.002067609	0.041516576
0	0	0.986044039	0.000184464	0.013771497
0	0	0.913949726	0.001107689	0.084942586
0	0	0.961605658	0.001045405	0.037348937
0	0	0.990582069	0.000351373	0.009066558
0	0	0.954030005	0.001780146	0.04418985
0	0	0.978944692	0.0027759	0.018279407
0	0	0.975508641	0.000737167	0.023754192
0	0	0.902984276	0.001794282	0.095221441
0	2	0.12693247	0.001446078	0.871621452
0	0	0.980780501	0.001015366	0.018204134
0	0	0.969289803	0.000494437	0.03021576
0	0	0.923663222	0.001616798	0.07471998
0	0	0.859311873	0.002027152	0.138660975
0	0	0.983372393	0.00051845	0.016109157
0	0	0.959322354	0.00168679	0.038990856
0	0	0.570921088	0.002988737	0.426090174
0	0	0.895301572	0.001942082	0.102756346
0	0	0.807684367	0.005416075	0.186899558
0	0	0.984292953	0.00053699	0.015170057
0	0	0.756841316	0.002818919	0.240339765
0	0	0.976051653	0.000698106	0.023250241
0	0	0.976487168	0.001705165	0.021807667
0	0	0.986470807	0.000666466	0.012862727
0	0	0.938927639	0.001770635	0.059301726
0	0	0.941768104	0.000606748	0.057625148
0	0	0.897231123	0.002664492	0.100104385
0	0	0.940406189	0.001769349	0.057824462
0	0	0.983286858	0.000419078	0.016294064
0	0	0.96836448	0.002043387	0.029592133
0	0	0.997134351	0.000113766	0.002751883
0	0	0.845010258	0.006747343	0.148242399
0	0	0.95632989	0.00173586	0.04193425
0	2	0.037842004	0.003418219	0.958739777
0	0	0.950575411	0.001865758	0.047558831
0	0	0.958668352	0.000890605	0.040441043
0	2	0.172930594	0.002723425	0.824345981
0	0	0.985896074	0.00089159	0.013212336
0	0	0.523588659	0.002980248	0.473431093
0	0	0.995974184	0.00012798	0.003897835
0	0	0.978901284	0.000865395	0.020233321
0	0	0.95293672	0.003201273	0.043862007
0	0	0.92356664	0.009824143	0.066609217
0	0	0.843127212	0.002369118	0.15450367
0	0	0.988263488	0.000505832	0.01123068
0	2	0.140526824	0.001821205	0.857651971
0	0	0.950181873	0.002482965	0.047335162
0	0	0.826744809	0.002898218	0.170356972
0	0	0.993089017	0.000230967	0.006680015
0	0	0.944058511	0.000168586	0.055772903
0	0	0.891014867	0.005713668	0.103271466
0	0	0.984007585	0.005327774	0.01066464
0	0	0.903384991	0.001055536	0.095559473
0	0	0.907331053	0.002759108	0.089909839
0	0	0.96120049	0.00117021	0.0376293
0	0	0.960609784	0.005667614	0.033722601
0	0	0.957980514	0.002089506	0.039929981
0	0	0.995805496	0.000452011	0.003742493
0	0	0.989886164	0.000524133	0.009589703
0	0	0.863611152	0.004055697	0.132333151
0	0	0.978768282	0.000146021	0.021085697
0	0	0.992259373	0.001056841	0.006683786
0	2	0.282427988	0.020196789	0.697375224
0	0	0.950061542	0.001571023	0.048367435
0	0	0.969031263	0.001189933	0.029778804
0	0	0.939635566	0.001567359	0.058797075
0	0	0.888434356	0.001787576	0.109778068
0	0	0.986901017	0.000527013	0.01257197
0	0	0.997151118	0.00011013	0.002738752
0	0	0.89772223	0.016199181	0.086078589
0	0	0.99500744	0.00017701	0.00481555
0	0	0.981955042	0.000871836	0.017173123
0	0	0.978488802	0.001040196	0.020471002
0	0	0.912808375	0.003031101	0.084160524
0	0	0.955785013	0.000750987	0.043464
0	0	0.944073712	0.001458786	0.054467503
0	0	0.951428095	0.001321363	0.047250541
0	0	0.978357467	0.00087948	0.020763053
0	0	0.980020092	0.000406477	0.019573431
0	0	0.95779411	0.000316489	0.041889401
0	0	0.927582535	0.000775445	0.07164202
0	0	0.944404405	0.002113097	0.053482498
0	0	0.92916907	0.002395497	0.068435433
0	0	0.990499602	0.00046627	0.009034129
0	0	0.997228132	4.16556E-05	0.002730213
0	2	0.323051188	0.003096619	0.673852193
0	0	0.991940645	0.000647629	0.007411725
0	0	0.915225785	0.001904407	0.082869808
0	0	0.982668687	0.002261825	0.015069488
0	0	0.83533707	0.002640413	0.162022517
0	0	0.874451299	0.003123945	0.122424756
0	0	0.984373778	0.00082358	0.014802642
0	0	0.952596579	0.001676304	0.045727117
0	0	0.952552131	0.003255822	0.044192047
0	0	0.972694864	0.0012772	0.026027936
0	2	0.125605211	0.009382476	0.865012313
0	0	0.976746268	0.00141627	0.021837462
0	0	0.991936527	0.000353158	0.007710316
0	0	0.924579474	0.012840947	0.062579579
0	0	0.968665855	0.000846555	0.03048759
0	0	0.981401912	0.00055465	0.018043438
0	0	0.904733626	0.00299439	0.092271984
0	0	0.995637205	0.000384383	0.003978413
0	0	0.510161068	0.00407319	0.485765742
0	0	0.990376911	0.000343793	0.009279295
0	0	0.9846069	0.000612101	0.014780999
0	0	0.58816937	0.003566251	0.408264379
0	0	0.943720034	0.002632752	0.053647214
0	0	0.959519522	0.00190053	0.038579948
0	0	0.968001268	0.000613628	0.031385104
0	0	0.987053183	0.000539034	0.012407783
0	0	0.968877636	0.004457724	0.02666464
0	0	0.986157694	0.000549589	0.013292717
0	0	0.702580332	0.005680616	0.291739052
0	0	0.987463735	0.000705069	0.011831196
0	0	0.834518417	0.00448956	0.160992022
0	0	0.961640766	0.001239789	0.037119445
0	0	0.961350417	0.001172149	0.037477434
0	0	0.968947316	0.000862699	0.030189985
0	0	0.996487934	0.00010573	0.003406335
0	0	0.974868574	0.00094715	0.024184276
0	0	0.933289304	0.001721877	0.064988819
0	2	0.036736764	0.001875318	0.961387919
0	0	0.995163928	0.000162108	0.004673964
0	0	0.973120839	0.001188995	0.025690166
0	0	0.941719196	0.003916534	0.05436427
0	0	0.696920986	0.004906555	0.298172459
0	0	0.9391308	0.001310954	0.059558247
0	0	0.800108813	0.000184898	0.199706289
0	0	0.985298551	0.000717017	0.013984432
0	0	0.964586797	0.000891099	0.034522104
0	2	0.021334698	0.152053853	0.826611449
0	0	0.99402112	0.001131403	0.004847477
0	0	0.961818416	0.001398955	0.036782628
0	0	0.997785156	8.5875E-05	0.002128969
0	0	0.951671346	0.001306458	0.047022196
0	0	0.997519599	8.92576E-05	0.002391144
0	0	0.947063082	0.002143555	0.050793363
0	0	0.873573662	0.022436575	0.103989762
0	0	0.974068416	0.000921439	0.025010145
0	0	0.966983148	0.001257695	0.031759156
0	0	0.913583704	0.005057008	0.081359288
0	0	0.916697326	0.00169059	0.081612085
0	0	0.796931221	0.007430316	0.195638463
0	0	0.99327589	0.000609332	0.006114778
0	0	0.961706987	0.001259998	0.037033015
0	0	0.938447261	0.002494346	0.059058393
0	0	0.962918076	0.001015284	0.03606664
0	0	0.990687029	0.000743563	0.008569408
0	0	0.975401217	0.001041174	0.02355761
0	0	0.977228612	0.001252724	0.021518663
0	0	0.973673704	0.000716467	0.025609829
0	0	0.984177108	0.000506772	0.01531612
0	0	0.964238766	0.002855763	0.032905471
0	0	0.947931547	0.001537692	0.050530762
0	0	0.959187657	0.00118233	0.039630013
0	0	0.974906806	0.000898294	0.0241949
0	0	0.992129413	0.000256854	0.007613733
0	0	0.995532331	0.000155343	0.004312327
0	0	0.939287519	0.00141768	0.059294801
0	0	0.948550187	0.002252712	0.049197101
0	0	0.990517397	0.00027594	0.009206663
0	0	0.990477221	0.000506003	0.009016776
0	0	0.98573409	0.00077135	0.01349456
0	0	0.971255467	0.001247186	0.027497347
0	2	0.237946262	0.026042892	0.736010847
0	0	0.974369539	0.003337062	0.022293399
0	0	0.987423128	0.000404137	0.012172735
0	0	0.95010561	0.001141078	0.048753313
0	0	0.978342136	0.000696951	0.020960913
0	0	0.927228459	0.003370631	0.06940091
0	2	0.038613938	0.001693188	0.959692873
0	0	0.983881705	0.000484957	0.015633338
0	2	0.25847445	0.006359164	0.735166386
0	0	0.957187508	0.00175804	0.041054453
0	0	0.935037565	0.00169399	0.063268445
0	0	0.987990898	0.000262389	0.011746713
0	0	0.960326867	0.001095459	0.038577674
0	0	0.989959546	0.000673723	0.00936673
0	0	0.916711357	0.002090478	0.081198165
0	0	0.81540462	0.005595622	0.178999758
0	0	0.99719619	0.001121702	0.001682108
0	0	0.989645221	0.000183718	0.010171061
0	0	0.936956476	0.002368216	0.060675308
0	0	0.923303787	0.001803372	0.074892841
0	0	0.989821759	0.000529525	0.009648716
0	0	0.912583766	0.003183814	0.08423242
0	0	0.969511147	0.001355258	0.029133595
0	0	0.949229602	0.001028345	0.049742053
0	0	0.957656259	0.001363546	0.040980195
0	2	0.355374668	0.211869948	0.432755384
0	0	0.944399074	0.001931214	0.053669712
0	0	0.992325824	0.000361191	0.007312985
0	0	0.808279603	0.005392494	0.186327903
0	0	0.962190893	0.001312735	0.036496372
0	0	0.982312143	0.000667517	0.01702034
0	0	0.937640405	0.002165966	0.060193629
0	0	0.936793719	0.002608207	0.060598074
0	0	0.686042518	0.005698709	0.308258774
0	0	0.992093448	0.000306027	0.007600525
0	0	0.857670515	0.008412511	0.133916974
0	0	0.94263636	0.003038854	0.054324786
0	0	0.993109532	0.000114102	0.006776366
0	0	0.991581298	0.000245171	0.00817353
0	0	0.975056207	0.001019482	0.02392431
0	0	0.982576076	0.000811053	0.016612871
0	0	0.991611743	0.000479808	0.007908449
0	0	0.68116185	0.000472697	0.318365452
0	0	0.985406656	0.000397426	0.014195917
0	0	0.963932865	0.001492454	0.034574681
0	2	0.031221841	0.045696326	0.923081833
1	1	7.30176E-06	0.999805266	0.000187432
1	1	1.31478E-06	0.999961993	3.66925E-05
1	1	2.18906E-05	0.999049341	0.000928768
1	1	1.13889E-05	0.999629246	0.000359365
1	1	0.000110841	0.994996971	0.004892188
1	1	1.8403E-05	0.999501201	0.000480396
1	1	4.34631E-06	0.999915917	7.97364E-05
1	1	2.89325E-06	0.999871522	0.000125585
1	1	0.00561823	0.989813582	0.004568188
1	1	0.000489902	0.987374425	0.012135673
1	1	0.003624166	0.993192197	0.003183637
1	1	1.75922E-05	0.999244252	0.000738156
1	1	2.67082E-05	0.999360104	0.000613187
1	1	1.41206E-05	0.999623919	0.00036196
1	1	0.000169142	0.99922965	0.000601207
1	1	0.000619664	0.997370762	0.002009574
1	1	1.34306E-05	0.999622613	0.000363956
1	1	9.93764E-06	0.999719547	0.000270516
1	1	3.91855E-05	0.992920516	0.007040299
1	1	3.28922E-05	0.999325206	0.000641902
1	1	0.000290292	0.978705336	0.021004372
1	1	1.24716E-05	0.999644897	0.000342631
1	1	3.60203E-05	0.999172675	0.000791305
1	1	1.12313E-05	0.99959301	0.000395758
1	1	2.60513E-05	0.999258601	0.000715348
1	1	1.71851E-05	0.999430653	0.000552162
1	1	0.000105882	0.997417314	0.002476805
1	1	0.000181595	0.998168987	0.001649418
1	1	1.81772E-05	0.999556322	0.000425501
1	1	0.000183274	0.997672187	0.002144539
1	1	0.000110796	0.998582593	0.001306611
1	1	2.21875E-05	0.999418656	0.000559156
1	1	0.000176931	0.997353102	0.002469967
1	1	0.000295046	0.987498378	0.012206576
1	1	1.23557E-05	0.999804181	0.000183463
1	1	3.44794E-05	0.998851911	0.001113609
1	1	1.2109E-05	0.999741541	0.00024635
1	1	1.9726E-05	0.999425126	0.000555148
1	1	1.24359E-05	0.999779408	0.000208156
1	1	4.37519E-05	0.999424093	0.000532155
1	1	8.57658E-05	0.999209993	0.000704241
1	1	2.89985E-05	0.999635326	0.000335676
1	1	0.00595618	0.978508297	0.015535524
1	1	8.99854E-06	0.999751332	0.00023967
1	1	0.017673677	0.903229212	0.079097111
1	1	0.000538979	0.995178584	0.004282437
1	1	1.88629E-05	0.999487551	0.000493586
1	1	1.98286E-05	0.999615562	0.000364609
1	1	2.36639E-05	0.999141903	0.000834433
1	1	0.000146833	0.998886942	0.000966225
1	1	2.95482E-05	0.999312834	0.000657617
1	1	3.99159E-05	0.998864466	0.001095619
1	1	1.15241E-05	0.999330321	0.000658155
1	1	3.07472E-05	0.999088305	0.000880948
1	1	1.62771E-05	0.999745703	0.00023802
1	1	6.34762E-06	0.999869019	0.000124634
1	0	0.478042365	0.359746407	0.162211227
1	1	1.60822E-05	0.999704135	0.000279783
1	1	4.3228E-05	0.999578887	0.000377885
1	1	2.11773E-05	0.999619029	0.000359793
1	1	1.60099E-05	0.999399809	0.000584181
1	1	1.40309E-05	0.999553347	0.000432622
1	1	0.000162163	0.996694941	0.003142896
1	1	0.005481739	0.989027744	0.005490517
1	1	0.000235476	0.995408528	0.004355996
1	1	0.000102581	0.998940852	0.000956567
1	1	0.000256876	0.989142232	0.010600892
1	1	1.63113E-05	0.999250091	0.000733597
1	1	3.61664E-05	0.999619046	0.000344788
1	1	0.000702146	0.987509802	0.011788051
1	1	1.39398E-05	0.999734761	0.000251299
1	1	1.48174E-05	0.999791948	0.000193234
1	1	4.65101E-05	0.999359258	0.000594232
1	1	2.20743E-05	0.999303869	0.000674057
1	1	5.1212E-06	0.999777751	0.000217128
1	1	3.23833E-05	0.998932011	0.001035606
1	1	1.612E-05	0.999447331	0.000536549
1	1	1.95489E-05	0.999306931	0.00067352
1	1	7.91821E-06	0.999754131	0.000237951
1	1	2.24386E-05	0.999572401	0.00040516
1	1	2.58831E-05	0.999179953	0.000794164
1	1	2.11937E-05	0.999391526	0.00058728
1	1	1.5714E-05	0.999641998	0.000342288
1	1	2.48198E-05	0.999732403	0.000242777
1	1	1.4923E-05	0.999691775	0.000293302
1	1	0.000281268	0.998099821	0.00161891
1	1	0.000154426	0.999107077	0.000738497
1	1	1.72354E-05	0.999752423	0.000230341
1	1	8.81287E-06	0.999702567	0.000288621
1	1	5.28998E-05	0.998688949	0.001258151
1	1	7.34048E-05	0.998879903	0.001046692
1	1	6.69308E-05	0.99964859	0.000284479
1	1	0.000123386	0.998106649	0.001769966
1	1	6.90303E-06	0.999749659	0.000243437
1	1	7.21488E-06	0.999734789	0.000257996
1	1	7.9822E-05	0.999488923	0.000431255
1	1	0.00040051	0.993251212	0.006348278
1	1	1.6809E-05	0.99940291	0.000580281
1	1	2.14404E-05	0.99956662	0.00041194
1	1	8.14375E-06	0.999740354	0.000251502
1	1	3.14086E-06	0.99988711	0.000109749
1	1	1.23656E-05	0.999705293	0.000282341
1	1	8.9764E-06	0.999688367	0.000302657
1	1	6.16034E-06	0.999721614	0.000272226
1	1	2.46951E-05	0.999393576	0.000581729
1	1	0.00219757	0.961555584	0.036246846
1	1	1.199E-05	0.999560289	0.000427721
1	1	1.16498E-05	0.999476983	0.000511367
1	1	4.28203E-06	0.999917019	7.86988E-05
1	1	2.53738E-06	0.999920768	7.66946E-05
1	1	3.34761E-05	0.998523735	0.001442789
1	1	2.43616E-05	0.979901112	0.020074526
1	1	3.66542E-05	0.999016793	0.000946553
1	1	0.00537052	0.903995896	0.090633583
1	1	6.58505E-05	0.999376246	0.000557904
1	1	4.91807E-05	0.998291272	0.001659548
1	1	1.52786E-05	0.999644888	0.000339833
1	1	7.69444E-05	0.995483172	0.004439884
1	1	0.000422443	0.996848384	0.002729173
1	1	0.000546898	0.99059699	0.008856111
1	1	0.005735129	0.608082301	0.38618257
1	1	0.097640947	0.506840797	0.395518256
1	1	7.01824E-06	0.999802012	0.000190969
1	1	4.24662E-05	0.99919777	0.000759764
1	1	6.41972E-06	0.999764705	0.000228875
1	1	1.6119E-05	0.999587055	0.000396826
1	1	5.93391E-06	0.999772597	0.000221469
1	1	3.40491E-05	0.99949408	0.00047187
1	2	0.320101721	0.090065648	0.589832632
1	1	0.000374742	0.990967278	0.008657981
1	1	9.07345E-05	0.99753026	0.002379005
1	1	0.00010589	0.997895706	0.001998404
1	1	1.82083E-05	0.999569603	0.000412188
1	1	5.5578E-06	0.999891866	0.000102576
1	1	1.95326E-05	0.999373859	0.000606609
1	1	5.49747E-05	0.997466117	0.002478908
1	1	0.000348168	0.992997764	0.006654068
1	1	7.7993E-06	0.999723302	0.000268898
1	1	7.31042E-05	0.995285895	0.004641001
1	1	6.64119E-06	0.999680206	0.000313153
1	1	0.001478695	0.94148659	0.057034714
1	1	0.000660807	0.99228158	0.007057613
1	1	6.35364E-06	0.999816863	0.000176784
1	1	3.6448E-06	0.999891466	0.000104889
1	1	2.94397E-05	0.999534123	0.000436437
1	1	1.77756E-05	0.999516764	0.00046546
1	1	0.000708832	0.991147317	0.008143851
1	1	0.000221941	0.994018529	0.00575953
1	1	0.000261156	0.994421568	0.005317276
1	1	0.001459986	0.96644737	0.032092644
1	1	3.20169E-05	0.999152841	0.000815143
1	1	3.81705E-07	0.999982425	1.71928E-05
1	1	4.13557E-06	0.999813879	0.000181985
1	1	5.54473E-06	0.999838222	0.000156233
1	1	2.69134E-06	0.999927067	7.02414E-05
1	1	7.29973E-06	0.999826825	0.000165875
1	1	4.09134E-06	0.999860936	0.000134973
1	1	0.000753353	0.987699043	0.011547605
1	1	1.26747E-05	0.999798785	0.00018854
1	1	1.00042E-05	0.999691158	0.000298838
1	1	1.24293E-06	0.999962171	3.65863E-05
1	0	0.502795409	0.41305607	0.084148521
1	1	1.52551E-05	0.999702122	0.000282623
1	1	1.49026E-05	0.999525736	0.000459361
1	1	2.14471E-06	0.999893583	0.000104272
1	1	2.893E-06	0.99988513	0.000111977
1	1	3.986E-06	0.999878332	0.000117682
1	1	0.121722081	0.696689912	0.181588007
1	1	9.32389E-06	0.999769141	0.000221535
1	1	2.19748E-05	0.999787764	0.000190261
1	2	0.111701849	0.25627043	0.632027721
1	1	0.001214899	0.961179204	0.037605897
1	1	2.83046E-05	0.999612516	0.00035918
1	1	5.25562E-05	0.999473455	0.000473989
1	2	0.179503995	0.28053471	0.539961295
1	1	2.84031E-06	0.999904316	9.28435E-05
1	1	3.46891E-06	0.999830953	0.000165578
1	1	3.48758E-06	0.999698716	0.000297796
1	1	1.16192E-05	0.999744238	0.000244143
1	1	1.57799E-06	0.999942567	5.58547E-05
1	1	1.25497E-05	0.999588156	0.000399294
1	1	7.57153E-06	0.999884021	0.000108407
1	1	2.66488E-05	0.99923269	0.000740661
1	1	1.36342E-05	0.999667912	0.000318454
1	1	5.19784E-06	0.99983273	0.000162072
1	1	7.78147E-06	0.999734815	0.000257404
1	1	3.39667E-06	0.999885285	0.000111319
1	1	0.000458818	0.972235414	0.027305768
1	1	1.18627E-05	0.999791688	0.000196449
1	1	0.018564406	0.794129136	0.187306458
1	1	0.004406366	0.953510363	0.042083271
1	1	9.12804E-06	0.999740624	0.000250248
1	1	2.8748E-05	0.999758193	0.000213059
1	1	0.000286495	0.988279797	0.011433708
1	1	3.18871E-06	0.999905788	9.10234E-05
1	1	9.49605E-06	0.999865396	0.000125108
1	1	0.010548516	0.930093584	0.059357899
1	1	2.62387E-05	0.999523587	0.000450174
1	1	7.22666E-06	0.999867088	0.000125685
1	1	0.00026236	0.99691164	0.002826
1	1	3.10719E-06	0.999907162	8.97311E-05
1	1	4.96322E-05	0.99583724	0.004113128
1	1	0.00087914	0.979153706	0.019967154
1	1	2.53609E-05	0.99930018	0.000674459
1	1	7.78659E-06	0.999691907	0.000300306
1	1	2.02199E-05	0.999455532	0.000524249
1	1	1.10153E-05	0.999675489	0.000313496
1	1	8.88201E-06	0.999717447	0.000273671
1	1	0.000132742	0.98530474	0.014562518
1	1	1.05947E-05	0.998943693	0.001045712
1	1	3.17641E-05	0.999425384	0.000542851
1	1	1.04508E-05	0.99966905	0.000320499
1	1	2.83121E-05	0.999479043	0.000492645
1	1	9.37798E-06	0.999454016	0.000536606
1	1	2.92706E-05	0.999172351	0.000798378
1	1	4.77832E-05	0.998665081	0.001287136
1	1	1.809E-05	0.999350749	0.000631161
1	1	0.000110985	0.998887471	0.001001543
1	1	6.0641E-06	0.99977609	0.000217846
1	1	1.52641E-05	0.99959557	0.000389166
1	1	2.76789E-05	0.999059382	0.000912939
1	1	3.40619E-05	0.999068828	0.00089711
1	1	6.8392E-06	0.999659818	0.000333342
1	1	0.001200561	0.986821232	0.011978207
1	1	2.89973E-06	0.999906901	9.01989E-05
1	1	1.54275E-05	0.999538425	0.000446147
1	1	4.52078E-06	0.999875071	0.000120408
1	1	6.23792E-06	0.999836385	0.000157377
1	1	2.25654E-05	0.999306738	0.000670697
1	1	0.000588452	0.997487484	0.001924064
1	1	1.35214E-05	0.999660943	0.000325535
1	1	2.98581E-05	0.999345389	0.000624753
1	1	1.301E-05	0.999509177	0.000477813
1	1	2.28923E-05	0.999290886	0.000686222
1	1	0.000642023	0.97522526	0.024132717
1	1	2.68856E-05	0.999179506	0.000793608
1	1	0.000851258	0.995913317	0.003235425
1	1	1.18961E-05	0.999701755	0.000286349
1	1	9.0946E-06	0.999770453	0.000220452
1	1	1.84005E-05	0.999565811	0.000415788
1	1	2.98987E-05	0.998905224	0.001064878
1	1	7.28175E-07	0.999974918	2.43537E-05
1	1	4.1432E-05	0.999242158	0.00071641
1	1	0.004464816	0.773501757	0.222033427
1	1	0.026716709	0.548665616	0.424617675
1	0	0.73143261	0.018931081	0.249636308
1	1	0.006024629	0.943933707	0.050041664
1	1	2.22924E-05	0.999633432	0.000344276
1	1	9.87919E-06	0.999719767	0.000270353
1	1	0.000391028	0.996276133	0.003332839
1	1	1.91375E-05	0.999541312	0.00043955
1	1	1.18308E-05	0.999499976	0.000488193
1	1	2.3757E-05	0.998966374	0.00100987
1	1	1.58749E-05	0.999626124	0.000358001
1	1	1.57726E-05	0.999463527	0.0005207
1	1	3.51746E-05	0.998715916	0.001248909
1	1	9.4932E-06	0.999765512	0.000224995
1	1	1.9416E-05	0.999684899	0.000295685
1	1	3.08212E-05	0.999490753	0.000478426
1	1	3.41519E-05	0.999507826	0.000458022
1	1	1.67879E-05	0.999549726	0.000433486
1	1	1.76256E-05	0.999443515	0.000538859
1	1	5.6448E-06	0.999724163	0.000270193
1	1	2.75429E-06	0.999849209	0.000148037
1	1	7.20063E-06	0.999758437	0.000234362
1	1	0.000501236	0.998367064	0.0011317
1	1	3.24086E-05	0.999113854	0.000853738
1	1	1.62471E-05	0.999606349	0.000377404
1	1	5.77008E-05	0.998562254	0.001380046
1	1	1.31401E-05	0.999661194	0.000325666
1	1	1.60591E-05	0.999463345	0.000520596
1	1	3.94722E-05	0.999585202	0.000375326
1	1	5.39843E-06	0.999797502	0.000197099
1	1	3.24023E-05	0.998920445	0.001047153
1	1	0.001441319	0.995612946	0.002945736
1	1	0.001083351	0.97142014	0.027496509
1	1	3.0786E-05	0.999548666	0.000420548
1	1	0.000211292	0.995838434	0.003950274
1	1	1.73597E-05	0.999739716	0.000242924
1	1	2.49572E-05	0.999150227	0.000824816
1	1	1.33155E-05	0.999715384	0.0002713
1	1	6.12219E-06	0.999908864	8.50143E-05
1	1	2.6113E-05	0.999622414	0.000351473
1	1	1.34119E-05	0.999634055	0.000352533
1	1	4.19932E-06	0.999811509	0.000184292
1	1	1.40126E-05	0.999644348	0.000341639
1	1	3.7354E-05	0.999730529	0.000232117
1	1	6.95289E-06	0.99974709	0.000245957
1	1	3.63635E-06	0.999768652	0.000227711
1	1	1.05777E-05	0.999535173	0.000454249
1	1	8.85018E-06	0.999727654	0.000263496
1	1	5.95193E-06	0.999805695	0.000188353
1	1	1.45263E-05	0.999649054	0.00033642
1	1	0.000129426	0.998401026	0.001469548
1	1	1.36746E-05	0.999732425	0.000253901
1	1	9.0938E-06	0.999682816	0.00030809
1	1	3.06961E-05	0.998924552	0.001044752
1	1	1.85545E-05	0.999500713	0.000480733
1	1	5.35677E-05	0.999436669	0.000509764
1	1	8.64062E-06	0.999663504	0.000327856
1	1	1.21532E-05	0.99958175	0.000406097
1	1	1.28106E-05	0.999761768	0.000225422
1	1	2.39666E-05	0.99935084	0.000625193
1	1	3.19983E-05	0.999172572	0.00079543
1	1	0.000639908	0.976591803	0.02276829
1	1	1.87992E-05	0.999603533	0.000377667
1	1	5.11171E-05	0.99930789	0.000640993
1	1	0.000385726	0.996122986	0.003491288
1	1	2.9529E-05	0.999462069	0.000508402
1	1	6.10164E-05	0.999333127	0.000605857
1	1	1.40115E-05	0.999866517	0.000119471
1	1	2.77214E-05	0.999295661	0.000676617
1	1	3.23201E-05	0.999079309	0.000888371
1	1	3.17584E-05	0.999646819	0.000321423
1	1	0.102007771	0.551503948	0.346488281
1	1	1.61449E-05	0.99979541	0.000188445
1	1	2.11657E-05	0.999671178	0.000307656
1	1	1.94179E-05	0.999683682	0.0002969
1	1	8.65176E-06	0.999452915	0.000538433
1	1	1.57656E-05	0.999719128	0.000265106
1	1	4.14206E-05	0.999268243	0.000690336
1	1	1.75543E-05	0.999489844	0.000492601
1	1	7.21711E-05	0.999028958	0.000898871
1	1	2.01567E-05	0.999526732	0.000453111
1	1	0.038590713	0.900735506	0.060673781
1	1	0.00075931	0.944971597	0.054269093
1	1	3.62476E-06	0.999876484	0.000119891
1	1	1.78728E-05	0.999767998	0.000214129
1	1	3.1695E-06	0.999863973	0.000132857
1	1	1.20458E-05	0.999509663	0.000478291
1	1	2.03832E-05	0.997601631	0.002377986
1	1	2.21557E-05	0.999582644	0.0003952
1	1	1.59451E-05	0.999642519	0.000341536
1	1	0.033257691	0.513518502	0.453223807
1	1	0.000167784	0.997471362	0.002360854
1	1	1.59011E-05	0.999579947	0.000404152
1	1	2.68424E-05	0.999470816	0.000502342
1	1	3.81358E-05	0.999144116	0.000817748
1	1	1.55693E-05	0.999393851	0.000590579
1	1	3.70145E-05	0.999399574	0.000563411
1	1	4.87751E-05	0.999309526	0.000641699
1	1	2.16663E-05	0.999646725	0.000331609
1	1	1.56157E-05	0.999663438	0.000320946
1	1	2.57642E-05	0.99937582	0.000598416
1	1	0.000342853	0.995998674	0.003658473
1	1	0.021126207	0.757796072	0.22107772
1	1	1.45197E-05	0.999697265	0.000288215
1	1	7.81004E-06	0.999499485	0.000492705
1	1	0.231796464	0.601159131	0.167044405
1	1	4.24863E-06	0.999485198	0.000510554
1	1	3.82589E-05	0.998068629	0.001893112
1	1	1.02859E-05	0.999766065	0.000223649
1	1	0.032396877	0.817509086	0.150094038
1	1	2.75567E-05	0.999435471	0.000536972
1	1	4.91628E-06	0.999642266	0.000352818
1	1	1.14972E-05	0.999692638	0.000295865
1	1	2.15777E-05	0.999250233	0.000728189
1	1	1.53962E-05	0.999413527	0.000571077
1	1	1.11765E-05	0.999300051	0.000688772
1	1	0.000152627	0.997090928	0.002756445
1	1	1.72267E-05	0.999149002	0.000833771
1	1	5.01765E-05	0.999136973	0.00081285
1	1	0.005455441	0.91444154	0.080103019
1	1	9.27352E-06	0.999752204	0.000238522
1	1	1.59325E-05	0.998150609	0.001833459
1	1	6.94028E-06	0.999431374	0.000561685
1	1	7.79985E-05	0.998380842	0.001541159
1	1	2.24791E-05	0.999376826	0.000600695
1	1	2.54429E-05	0.999427454	0.000547103
1	1	1.02861E-05	0.999684597	0.000305117
1	1	9.21733E-06	0.999774803	0.00021598
1	1	0.003363764	0.969092904	0.027543332
1	1	2.09456E-05	0.99951661	0.000462445
1	1	1.95357E-05	0.999535121	0.000445343
1	1	0.000270878	0.998058307	0.001670815
1	1	0.000671103	0.997415906	0.001912991
1	1	1.93987E-05	0.999594151	0.000386451
1	1	1.80922E-05	0.999570214	0.000411694
1	1	0.000110725	0.998337823	0.001551453
1	1	1.49733E-05	0.999658742	0.000326284
1	1	0.000240423	0.99589581	0.003863767
1	1	1.94255E-05	0.998779359	0.001201215
1	1	4.22846E-05	0.997116682	0.002841033
1	1	1.28543E-05	0.999470849	0.000516297
1	1	0.001033446	0.977598457	0.021368097
1	1	0.001285561	0.818599536	0.180114903
1	1	2.06368E-05	0.997271059	0.002708304
1	1	2.89221E-05	0.997298749	0.002672329
1	1	4.05117E-05	0.999180426	0.000779062
1	1	4.3458E-05	0.991321412	0.00863513
1	1	0.001318659	0.885644316	0.113037025
1	1	0.00161498	0.699749797	0.298635223
1	1	4.06283E-05	0.99357591	0.006383461
1	1	0.000282061	0.99532294	0.004394999
1	1	0.000274233	0.931151204	0.068574564
1	1	0.000170299	0.985350726	0.014478976
1	1	4.78917E-05	0.994745716	0.005206392
1	1	0.000146579	0.997857689	0.001995732
1	2	0.001915436	0.043338667	0.954745898
1	1	2.18969E-05	0.998833351	0.001144752
1	1	0.000702832	0.533075037	0.466222131
1	1	2.9453E-05	0.996691211	0.003279336
1	1	1.66668E-05	0.998910433	0.0010729
1	1	0.001140667	0.786280383	0.21257895
1	1	0.000783935	0.619102315	0.38011375
1	1	7.45105E-05	0.986323925	0.013601565
1	1	2.5169E-05	0.978635346	0.021339485
1	1	2.82205E-05	0.998039322	0.001932458
1	1	3.27946E-05	0.997156017	0.002811188
1	1	1.69531E-05	0.998940054	0.001042993
1	1	5.9604E-05	0.992539752	0.007400644
1	1	0.001446675	0.976688744	0.021864581
1	1	6.39912E-05	0.993456207	0.006479802
1	1	1.71212E-05	0.999005948	0.000976931
1	1	0.001206649	0.863891535	0.134901816
1	1	1.44837E-05	0.999015875	0.000969641
1	1	1.37395E-05	0.996474129	0.003512132
1	1	1.47936E-05	0.999587506	0.0003977
1	1	1.79743E-05	0.998635685	0.00134634
1	1	0.000106304	0.993414812	0.006478884
1	1	7.00989E-05	0.992128118	0.007801783
1	1	0.00045955	0.990978798	0.008561652
1	2	0.004734038	0.004004339	0.991261623
1	1	0.000169414	0.973783929	0.026046657
1	2	0.020559866	0.070080244	0.909359889
1	1	2.35941E-05	0.999287298	0.000689108
1	2	0.001264994	0.337197024	0.661537982
1	1	1.92969E-05	0.99873464	0.001246063
1	2	0.006053166	0.062833066	0.931113767
1	1	0.000181675	0.957919261	0.041899064
1	1	2.99735E-05	0.998204131	0.001765895
1	2	0.016293396	0.047758635	0.935947969
1	1	2.57014E-05	0.998836277	0.001138021
1	2	0.005023311	0.371700807	0.623275882
1	1	9.28739E-05	0.959188423	0.040718704
1	1	0.000303962	0.847716453	0.151979586
1	1	0.004863019	0.763688024	0.231448957
1	1	1.24239E-05	0.99920857	0.000779006
1	1	0.000187728	0.995792045	0.004020227
1	1	4.72435E-05	0.997706737	0.002246019
1	1	6.05259E-06	0.99927572	0.000718227
1	1	3.53609E-05	0.999397271	0.000567368
1	1	1.98912E-05	0.999369547	0.000610562
1	1	3.57941E-05	0.994387341	0.005576865
1	1	1.88635E-05	0.999121051	0.000860085
1	1	7.32778E-05	0.994960284	0.004966438
1	1	0.000271175	0.992583125	0.0071457
1	1	7.15319E-06	0.999648083	0.000344763
1	1	1.1521E-05	0.999563103	0.000425376
1	1	0.000318232	0.966832633	0.032849135
1	1	4.05473E-05	0.998659129	0.001300324
1	1	4.32734E-05	0.994840677	0.00511605
1	1	1.85843E-05	0.999507553	0.000473863
1	1	0.002716865	0.945088556	0.052194579
1	2	0.030396208	0.159049879	0.810553913
1	1	1.00311E-05	0.997879242	0.002110727
1	1	2.62929E-05	0.998189733	0.001783974
1	1	1.99494E-05	0.994702597	0.005277454
1	2	0.204022425	0.018752553	0.777225022
1	1	0.00766961	0.886486441	0.105843949
1	1	2.20224E-05	0.9990506	0.000927377
1	1	4.63514E-05	0.998841942	0.001111707
1	1	7.18667E-05	0.997805286	0.002122847
1	1	2.18675E-05	0.998793718	0.001184414
1	1	1.90905E-05	0.999181166	0.000799744
1	1	4.54761E-06	0.999291647	0.000703805
1	1	3.51994E-05	0.998620633	0.001344168
1	1	0.000999211	0.951091461	0.047909328
1	1	2.99762E-06	0.999907468	8.9534E-05
1	1	0.000161002	0.995713201	0.004125797
1	1	2.99221E-05	0.999186636	0.000783442
1	1	1.48087E-05	0.99910185	0.000883342
1	1	2.30127E-05	0.999437646	0.000539341
1	1	8.11228E-05	0.992978135	0.006940742
1	1	0.000519683	0.953142234	0.046338083
1	1	6.13134E-05	0.998987797	0.000950889
1	1	1.88817E-05	0.998982181	0.000998938
1	2	0.030911037	0.359787405	0.609301558
1	1	1.11424E-05	0.999547058	0.0004418
1	1	0.000280365	0.96781223	0.031907404
1	2	0.058342733	0.0207726	0.920884668
1	1	0.000687915	0.977804414	0.021507671
1	1	5.67447E-05	0.994764803	0.005178453
1	1	0.000477176	0.873693147	0.125829677
1	1	0.003190669	0.600961262	0.39584807
1	1	8.15353E-06	0.998541944	0.001449902
1	1	0.000107316	0.921610309	0.078282375
1	1	0.000286138	0.910795522	0.08891834
1	1	0.000498281	0.95471067	0.044791049
1	1	2.53376E-05	0.993402546	0.006572117
1	1	2.44827E-05	0.999056168	0.000919349
1	1	8.50733E-06	0.999517483	0.00047401
1	1	2.98036E-05	0.999417876	0.00055232
1	1	1.56315E-05	0.999480764	0.000503604
1	1	4.00047E-05	0.995098037	0.004861958
1	2	0.00313427	0.490633027	0.506232702
1	1	1.56073E-05	0.999230356	0.000754036
1	1	2.87725E-05	0.998310154	0.001661073
1	1	3.74271E-05	0.998285853	0.00167672
1	1	1.80719E-05	0.99714903	0.002832898
1	1	1.39111E-05	0.999677383	0.000308706
1	1	3.03476E-05	0.999507073	0.000462579
1	0	0.952481497	0.02886618	0.018652323
1	1	1.13039E-05	0.999438514	0.000550182
1	1	3.57612E-05	0.981623805	0.018340434
1	1	4.2636E-05	0.999289423	0.000667941
1	1	2.54433E-05	0.999143869	0.000830688
1	2	0.006070775	0.014973566	0.978955659
1	1	0.000291563	0.991976961	0.007731477
1	1	2.96819E-05	0.998228582	0.001741736
1	1	1.1029E-05	0.99961922	0.000369751
1	1	1.59491E-05	0.999691715	0.000292336
1	1	1.78446E-05	0.999488026	0.00049413
1	1	0.000666242	0.986830388	0.01250337
1	1	2.99565E-05	0.998837244	0.001132799
1	1	7.32638E-06	0.999771028	0.000221646
1	1	2.80276E-05	0.999079149	0.000892824
1	1	3.03884E-05	0.999550867	0.000418745
1	1	4.76189E-05	0.998619858	0.001332523
1	1	1.76353E-05	0.9995932	0.000389165
1	1	5.34248E-05	0.995176224	0.004770351
1	1	2.65685E-05	0.999314431	0.000659001
1	1	1.40366E-05	0.999455651	0.000530312
1	1	1.62965E-05	0.999037888	0.000945816
1	1	0.002084885	0.902540405	0.095374711
1	2	0.010759526	0.017691628	0.971548845
1	1	1.65308E-05	0.999513755	0.000469714
1	1	0.00119714	0.994793885	0.004008975
1	1	0.117226653	0.711097298	0.171676049
1	1	0.000475749	0.984107796	0.015416455
1	1	1.90307E-05	0.999342194	0.000638775
1	1	0.001693924	0.975302545	0.023003531
1	1	2.34375E-05	0.999328855	0.000647707
1	1	1.36825E-05	0.999604052	0.000382265
1	1	1.09704E-05	0.999593983	0.000395047
1	1	8.45871E-06	0.999786072	0.000205469
1	1	3.89798E-05	0.997935374	0.002025646
1	1	4.52973E-06	0.99985281	0.00014266
1	1	0.006511654	0.720318554	0.273169792
1	1	2.03583E-05	0.99838151	0.001598132
1	1	6.09335E-05	0.998573966	0.001365101
1	1	1.63488E-05	0.999641363	0.000342288
1	1	3.07764E-05	0.999039628	0.000929596
1	1	3.78011E-06	0.999642625	0.000353595
1	1	0.000492951	0.988862422	0.010644627
1	1	0.00031953	0.996346728	0.003333742
1	1	6.0976E-05	0.998770402	0.001168622
1	1	0.014546609	0.901768547	0.083684844
1	2	0.018113638	0.161590463	0.820295899
1	1	0.000293023	0.937198915	0.062508063
1	1	1.14087E-05	0.999565251	0.00042334
1	1	0.002352316	0.778290762	0.219356922
1	1	4.48935E-05	0.993902198	0.006052908
1	1	0.000294415	0.935830202	0.063875383
1	1	0.000120516	0.997576676	0.002302807
1	1	5.14528E-05	0.994469074	0.005479473
1	1	6.83283E-05	0.988678287	0.011253385
1	1	0.000247512	0.995359962	0.004392526
1	1	2.73086E-05	0.998494014	0.001478678
1	1	1.8004E-05	0.998686698	0.001295298
1	1	3.94467E-05	0.99754194	0.002418613
1	1	2.65088E-05	0.998566406	0.001407086
1	1	0.000729376	0.954352855	0.044917769
1	1	4.87889E-05	0.995502353	0.004448858
1	1	0.001013513	0.982817047	0.016169439
1	1	0.000369225	0.985502868	0.014127907
1	2	0.270065274	0.075767064	0.654167663
1	1	5.53935E-05	0.963630442	0.036314164
1	1	1.56354E-05	0.997228916	0.002755449
1	2	0.052519226	0.153880961	0.793599813
1	1	0.002023978	0.795734024	0.202241998
1	1	5.92258E-05	0.997749458	0.002191316
1	2	0.001839498	0.462290033	0.53587047
1	2	0.04343726	0.323279608	0.633283132
1	1	4.25746E-06	0.999761637	0.000234106
1	1	5.44485E-06	0.999460462	0.000534093
1	2	0.072872221	0.183003909	0.74412387
1	0	0.609083828	0.177923896	0.212992277
1	1	0.000748179	0.895325021	0.1039268
1	1	6.94736E-05	0.997040138	0.002890389
1	1	0.002385782	0.551878081	0.445736136
1	2	0.049205643	0.057685643	0.893108714
1	1	9.89774E-05	0.973829688	0.026071335
1	1	6.96475E-05	0.994253527	0.005676826
1	1	7.78558E-05	0.997351637	0.002570508
1	2	0.006651531	0.083801173	0.909547297
1	1	1.45382E-05	0.984194721	0.015790741
1	1	2.24794E-05	0.999689509	0.000288011
1	1	7.38522E-05	0.996461156	0.003464991
1	1	3.29029E-05	0.998052503	0.001914595
1	1	1.96121E-05	0.999437693	0.000542695
1	1	8.75707E-05	0.978080106	0.021832323
1	1	6.6965E-05	0.996365716	0.003567319
1	1	9.72257E-05	0.996929452	0.002973322
1	1	3.26401E-06	0.999746136	0.0002506
1	1	4.29835E-05	0.997508553	0.002448464
1	1	0.000107599	0.996606778	0.003285623
1	1	4.30486E-05	0.993639132	0.006317819
1	1	4.47061E-05	0.992328601	0.007626693
1	1	0.007938394	0.842110251	0.149951356
1	1	0.004707844	0.836335729	0.158956427
1	1	5.63175E-05	0.998995823	0.000947859
1	1	7.56232E-05	0.996159904	0.003764473
1	2	0.232467124	0.018525512	0.749007364
1	2	0.008471722	0.492913527	0.498614752
1	2	0.350296396	0.000997583	0.648706021
1	1	2.35301E-05	0.9994707	0.00050577
1	1	0.135568039	0.666588989	0.197842972
1	1	2.8286E-05	0.998556882	0.001414832
1	1	4.5988E-06	0.999385013	0.000610388
1	1	1.03013E-05	0.998855858	0.00113384
1	1	3.30936E-05	0.996634867	0.003332039
1	1	0.002312807	0.766214456	0.231472737
1	1	2.93734E-05	0.998179163	0.001791463
1	1	4.86214E-05	0.997156726	0.002794653
1	1	9.22673E-06	0.998894245	0.001096528
1	1	2.46376E-05	0.998263098	0.001712265
1	1	3.05616E-05	0.996737483	0.003231956
1	1	0.001541258	0.949845344	0.048613398
1	0	0.596288323	0.006080727	0.39763095
1	1	5.62231E-06	0.999731985	0.000262393
1	1	3.78566E-05	0.998994267	0.000967876
1	1	1.99569E-05	0.999564795	0.000415248
1	1	2.05965E-05	0.999509222	0.000470182
1	1	1.32876E-05	0.999920137	6.65751E-05
1	1	7.47163E-06	0.999803213	0.000189315
1	1	0.000613319	0.974796944	0.024589738
1	1	1.07469E-05	0.999811211	0.000178042
1	1	0.000389059	0.999120095	0.000490846
1	1	1.2772E-05	0.999642432	0.000344796
1	1	2.28782E-05	0.999373237	0.000603885
1	1	6.99938E-06	0.999811052	0.000181948
1	1	9.06798E-06	0.999839513	0.000151419
1	1	1.17536E-05	0.99965122	0.000337027
1	1	1.20681E-06	0.999966461	3.23326E-05
1	1	1.37678E-05	0.999622785	0.000363447
1	1	6.81122E-07	0.999975852	2.34668E-05
1	1	7.68554E-06	0.999830679	0.000161635
1	1	1.43225E-05	0.99972389	0.000261788
1	1	1.08112E-05	0.99976792	0.000221269
1	1	1.63484E-05	0.999617654	0.000365998
1	1	7.31743E-06	0.999748855	0.000243827
1	1	1.15128E-06	0.99996431	3.45385E-05
1	1	4.11103E-06	0.999863496	0.000132393
1	1	0.001282345	0.988106661	0.010610994
1	1	0.445232907	0.504868264	0.049898829
1	1	4.42297E-06	0.999900441	9.51363E-05
1	1	1.24121E-05	0.99976158	0.000226008
1	1	1.53233E-05	0.997267159	0.002717517
1	1	4.78047E-05	0.996519421	0.003432774
1	1	4.10803E-05	0.983849995	0.016108925
1	2	0.003910469	0.000975463	0.995114067
1	1	0.001097267	0.606996401	0.391906332
1	1	0.051849415	0.559164469	0.388986116
1	1	3.19509E-05	0.996295288	0.003672761
1	1	5.48294E-05	0.997818471	0.0021267
1	1	4.34189E-05	0.994300454	0.005656127
1	1	6.9634E-06	0.999556808	0.000436229
1	1	0.001822199	0.906457466	0.091720335
1	1	0.003223417	0.914741913	0.08203467
1	1	0.000823561	0.97455588	0.02462056
1	1	9.54783E-06	0.999503574	0.000486878
1	1	3.74657E-05	0.995026956	0.004935578
1	1	9.92811E-06	0.999459227	0.000530845
1	1	0.00279363	0.808226218	0.188980152
2	2	0.023630377	0.003711118	0.972658505
2	2	0.017513806	0.001959892	0.980526302
2	2	0.035702994	0.005542993	0.958754014
2	2	0.021332265	0.010872327	0.967795409
2	2	0.017529072	0.007935614	0.974535314
2	2	0.005948067	0.001115906	0.992936028
2	2	0.050959925	0.003232124	0.945807951
2	2	0.004722352	0.000910107	0.994367541
2	2	0.222070684	0.006306594	0.771622722
2	2	0.027671809	0.005506417	0.966821774
2	2	0.00735115	0.001210528	0.991438322
2	2	0.010778815	0.001122415	0.98809877
2	2	0.111755104	0.002605462	0.885639434
2	2	0.050377315	0.001540706	0.948081979
2	2	0.012313742	0.001233081	0.986453177
2	2	0.009557401	0.002311082	0.988131517
2	2	0.25538167	0.007418369	0.737199961
2	2	0.031466563	0.001894065	0.966639372
2	0	0.621562107	0.00993969	0.368498203
2	2	0.42115134	0.001992903	0.576855757
2	2	0.391522734	0.006244765	0.6022325
2	2	0.00822505	0.001795322	0.989979628
2	2	0.023151698	0.001525875	0.975322427
2	2	0.02163763	0.002195114	0.976167256
2	2	0.013058013	0.004735096	0.982206891
2	2	0.022669191	0.001190064	0.976140745
2	2	0.024298524	0.003254425	0.97244705
2	2	0.02185583	0.001064992	0.977079178
2	2	0.004886874	0.000699879	0.994413246
2	2	0.008429277	0.000574251	0.990996472
2	2	0.017632251	0.0076678	0.974699949
2	2	0.003837621	0.000654917	0.995507462
2	2	0.011008314	0.000924364	0.988067322
2	2	0.008328626	0.001578695	0.990092679
2	2	0.032595405	0.029290737	0.938113858
2	2	0.007455509	0.00130794	0.991236551
2	2	0.006075749	0.001148096	0.992776155
2	2	0.007783692	0.001002033	0.991214276
2	0	0.652219902	0.004419302	0.343360796
2	2	0.022943137	0.002952106	0.974104757
2	2	0.005900618	0.001271703	0.992827679
2	2	0.04099131	0.004153121	0.954855569
2	2	0.034428696	0.003594448	0.961976856
2	2	0.050502884	0.004926508	0.944570608
2	0	0.788802732	0.002326387	0.208870881
2	2	0.017246803	0.001405547	0.98134765
2	2	0.013819293	0.004696726	0.98148398
2	2	0.007879654	0.196052804	0.796067541
2	2	0.003237416	0.000136596	0.996625987
2	2	0.008862444	0.00092203	0.990215525
2	2	0.006185424	0.000750208	0.993064368
2	2	0.306630998	0.006773684	0.686595319
2	2	0.017182924	0.001676178	0.981140899
2	2	0.124650708	0.003413764	0.871935529
2	2	0.014925456	0.001918163	0.983156381
2	2	0.003115895	0.001412578	0.995471527
2	2	0.112155696	0.005318483	0.882525821
2	2	0.004733929	0.000452239	0.994813831
2	2	0.044384934	0.002247908	0.953367157
2	0	0.731560753	0.005116549	0.263322698
2	0	0.941917288	0.001175763	0.056906949
2	2	0.009373018	0.001289862	0.98933712
2	1	0.001123447	0.712444363	0.28643219
2	2	0.013039876	0.001200949	0.985759175
2	2	0.005966644	0.00048306	0.993550296
2	2	0.013655261	0.001656695	0.984688043
2	2	0.028604227	0.002017894	0.969377879
2	2	0.007541605	0.000843357	0.991615039
2	2	0.014115995	0.005535094	0.980348911
2	2	0.006452642	0.001282857	0.992264501
2	2	0.028308823	0.002488732	0.969202445
2	2	0.049485729	0.000683031	0.94983124
2	2	0.0121434	0.00123576	0.98662084
2	2	0.015999468	0.013748854	0.970251677
2	2	0.008749879	0.000918457	0.990331664
2	2	0.01296125	0.008202706	0.978836043
2	2	0.056437191	0.345719706	0.597843103
2	0	0.624183036	0.014395903	0.361421061
2	2	0.003128499	0.000566575	0.996304926
2	2	0.030313356	0.001632134	0.96805451
2	2	0.025249236	0.001349988	0.973400776
2	2	0.08568921	0.132254344	0.782056445
2	2	0.00061929	0.000217668	0.999163042
2	2	0.0296493	0.150240675	0.820110025
2	2	0.016473947	0.005554899	0.977971154
2	2	0.037431272	0.003170238	0.95939849
2	0	0.742357264	0.002982407	0.254660329
2	2	0.007143947	0.000317863	0.992538189
2	2	0.086373449	0.003685036	0.909941515
2	2	0.228541696	0.004357152	0.767101152
2	2	0.242554439	0.002363695	0.755081866
2	2	0.209056601	0.005298401	0.785644998
2	2	0.007382051	0.001283963	0.991333986
2	2	0.058717651	0.000849371	0.940432978
2	2	0.00413476	0.000978171	0.994887069
2	2	0.021487417	0.002995669	0.975516914
2	2	0.01192394	0.304493015	0.683583045
2	2	0.058767144	0.002263434	0.938969423
2	2	0.067278199	0.003510422	0.929211379
2	2	0.010502136	0.003179992	0.986317872
2	2	0.011172361	0.001360759	0.98746688
2	2	0.011276444	0.001776981	0.986946575
2	2	0.003894167	0.001168569	0.994937265
2	2	0.004234993	0.000726281	0.995038726
2	2	0.019092352	0.002635539	0.978272108
2	2	0.012953689	0.235163403	0.751882908
2	2	0.006734395	0.139439108	0.853826496
2	2	0.016447606	0.002643173	0.980909222
2	2	0.024634289	0.004061853	0.971303857
2	2	0.009993537	0.002840098	0.987166365
2	0	0.716111967	0.018939251	0.264948782
2	0	0.566939993	0.00671305	0.426346956
2	2	0.010793118	0.000983546	0.988223336
2	2	0.146018868	0.029102842	0.824878289
2	2	0.056468283	0.000613901	0.942917815
2	2	0.012564618	0.001900249	0.985535133
2	2	0.006401502	0.001589044	0.992009454
2	2	0.001898764	0.497603375	0.500497861
2	2	0.006425274	0.002054514	0.991520212
2	2	0.008101854	0.003393945	0.988504201
2	2	0.013343784	0.001745866	0.984910351
2	2	0.011923167	0.001261099	0.986815734
2	1	0.006901125	0.556120185	0.43697869
2	2	0.003889908	0.03057203	0.965538062
2	2	0.013654994	0.002168434	0.984176572
2	2	0.005753883	0.000705517	0.9935406
2	2	0.019375609	0.003792081	0.97683231
2	2	0.017802444	0.003389342	0.978808215
2	2	0.046112586	0.001772314	0.9521151
2	2	0.007332544	0.000965627	0.991701829
2	2	0.009680736	0.004041589	0.986277675
2	2	0.007088579	0.002634214	0.990277207
2	2	0.027520598	0.001277155	0.971202247
2	2	0.035910506	0.00120844	0.962881055
2	2	0.005401765	0.003388969	0.991209267
2	2	0.006118361	0.001017139	0.9928645
2	2	0.237460861	0.216329523	0.546209616
2	2	0.021446235	0.003152353	0.975401413
2	2	0.029215455	0.00136465	0.969419895
2	0	0.777375568	0.005358176	0.217266256
2	2	0.016693953	0.00056414	0.982741908
2	2	0.009005737	0.001432845	0.989561418
2	2	0.011439337	0.001078917	0.987481746
2	2	0.013520581	0.002688849	0.983790571
2	2	0.033659693	0.004160774	0.962179534
2	2	0.050261512	0.004308715	0.945429774
2	2	0.163159761	0.025465634	0.811374605
2	2	0.012311726	0.001001954	0.986686319
2	2	0.088536603	0.007656202	0.903807195
2	2	0.007829347	0.006246861	0.985923793
2	2	0.007728418	0.004052784	0.988218798
2	2	0.010817422	0.000910518	0.98827206
2	2	0.021719938	0.002213623	0.976066438
2	2	0.023201542	0.005708857	0.971089602
2	2	0.00433399	0.108006194	0.887659816
2	2	0.207740635	0.011013154	0.781246212
2	2	0.058122677	0.004153104	0.93772422
2	2	0.011917415	0.001841537	0.986241047
2	2	0.010791238	0.008442129	0.980766632
2	2	0.012958688	0.065298328	0.921742985
2	2	0.028567095	0.001278203	0.970154701
2	2	0.083235237	0.001813522	0.914951241
2	0	0.938815905	0.001377292	0.059806802
2	0	0.55077211	0.009691228	0.439536662
2	2	0.038192047	0.003827559	0.957980393
2	1	0.002153262	0.611481129	0.386365609
2	2	0.305108174	0.004149826	0.690742
2	2	0.011808878	0.001998609	0.986192513
2	2	0.022575746	0.005987513	0.971436741
2	2	0.031388769	0.001174391	0.96743684
2	2	0.06288132	0.00099357	0.936125111
2	2	0.029092154	0.001031556	0.969876289
2	2	0.006784032	0.001068624	0.992147344
2	2	0.009262278	0.002177005	0.988560717
2	2	0.028400014	0.007215919	0.964384067
2	2	0.038952342	0.002385333	0.958662325
2	2	0.108797014	0.002214848	0.888988137
2	2	0.106465215	0.006114838	0.887419946
2	2	0.023383973	0.012654981	0.963961046
2	2	0.006004024	0.002881555	0.991114421
2	2	0.017043713	0.004788328	0.978167959
2	2	0.040803592	0.003184738	0.95601167
2	2	0.058498378	0.009626301	0.931875321
2	2	0.017774809	0.001117487	0.981107704
2	2	0.038119321	0.002468032	0.959412646
2	2	0.048264144	0.008054162	0.943681695
2	2	0.023954001	0.003190684	0.972855315
2	2	0.021364099	0.000829288	0.977806613
2	2	0.064556811	0.011504585	0.923938604
2	2	0.029524589	0.002193336	0.968282075
2	2	0.316334273	0.018923404	0.664742323
2	2	0.015964603	0.002150658	0.981884739
2	2	0.107238246	0.006729851	0.886031903
2	2	0.291972087	0.003619581	0.704408332
2	2	0.020119767	0.004524028	0.975356205
2	2	0.017201039	0.000918301	0.98188066
2	0	0.558931496	0.004813512	0.436254993
2	2	0.052624591	0.008123682	0.939251727
2	2	0.020246323	0.003743321	0.976010356
2	2	0.015002169	0.001225189	0.983772642
2	0	0.638275076	0.005568743	0.356156181
2	1	0.001213227	0.93700035	0.061786423
2	2	0.07203327	0.015430223	0.912536508
2	0	0.992002251	0.000795269	0.00720248
2	0	0.963894296	0.001051988	0.035053716
2	2	0.012236861	8.90687E-05	0.987674071
2	0	0.817398694	0.002750622	0.179850684
2	2	0.021818131	0.002495381	0.975686488
2	2	0.012111063	0.000840313	0.987048624
2	2	0.005765203	0.001522937	0.99271186
2	2	0.006683583	0.001384798	0.991931619
2	2	0.009339819	0.001172909	0.989487272
2	2	0.102376398	0.00598919	0.891634412
2	2	0.063326906	0.007950305	0.928722789
2	2	0.03900364	0.001743257	0.959253104
2	2	0.119970795	0.006057204	0.873972001
2	2	0.005757901	0.000504631	0.993737467
2	2	0.014310517	0.002703628	0.982985854
2	2	0.020821707	0.003731074	0.975447219
2	2	0.02842986	0.002012424	0.969557716
2	2	0.024984281	0.001370598	0.973645121
2	2	0.073016785	0.004296881	0.922686334
2	2	0.164216252	0.004406075	0.831377673
2	2	0.014481231	0.001196444	0.984322325
2	0	0.754874178	0.003992234	0.241133587
2	2	0.182422287	0.002955667	0.814622046
2	2	0.010189139	0.000486374	0.989324487
2	0	0.95161727	0.001770502	0.046612229
2	2	0.281903742	0.008805404	0.709290853
2	2	0.027649545	0.001172935	0.97117752
2	2	0.22330154	0.004128124	0.772570336
2	2	0.05529962	0.002360482	0.942339898
2	2	0.015136779	0.021021117	0.963842104
2	2	0.359239782	0.00470201	0.636058208
2	0	0.955538871	0.001367488	0.043093641
2	2	0.478216389	0.008482145	0.513301466
2	2	0.009520296	0.001151685	0.989328019
2	2	0.026610217	0.000476206	0.972913577
2	2	0.196839631	0.0261223	0.777038069
2	2	0.038889781	0.003604675	0.957505545
2	2	0.25335205	0.004773501	0.741874449
2	2	0.225034481	0.005301838	0.76966368
2	2	0.011008771	0.00413833	0.984852899
2	0	0.989219222	0.00054882	0.010231958
2	2	0.033443848	0.007386602	0.95916955
2	2	0.066721512	0.060547454	0.872731035
2	2	0.029586762	0.00473853	0.965674708
2	2	0.012185692	0.001906869	0.985907439
2	2	0.066171604	0.137627591	0.796200805
2	2	0.366592698	0.00489763	0.628509672
2	2	0.117230153	0.005917057	0.87685279
2	2	0.072284752	0.001493934	0.926221314
2	0	0.749633367	0.001980569	0.248386064
2	2	0.014071879	0.001679638	0.984248483
2	2	0.103407399	0.006810575	0.889782026
2	0	0.983517352	0.000467496	0.016015152
2	2	0.130506267	0.003462259	0.866031474
2	2	0.081500954	0.00770689	0.910792156
2	2	0.029801323	0.006428574	0.963770103
2	2	0.007842712	0.002276376	0.989880913
2	2	0.005802371	0.001856822	0.992340807
2	2	0.091914465	0.003426223	0.904659312
2	2	0.010709486	0.002626179	0.986664335
2	2	0.010767631	0.004623465	0.984608904
2	0	0.884972382	0.004743885	0.110283733
2	0	0.913063174	0.002144497	0.084792328
2	2	0.010462484	0.001030347	0.988507169
2	2	0.033326918	0.002119469	0.964553613
2	2	0.145017725	0.008189526	0.846792749
2	2	0.119484173	0.008171757	0.87234407
2	2	0.064954018	0.003654574	0.931391408
2	2	0.012408565	0.0049081	0.982683335
2	2	0.149002876	0.042104963	0.808892161
2	2	0.011834128	0.000753661	0.98741221
2	2	0.013303503	0.005838812	0.980857685
2	2	0.009190746	0.001707614	0.98910164
2	1	3.94825E-05	0.992079139	0.007881379
2	2	0.043384491	0.010464641	0.946150868
2	0	0.887761283	0.002521876	0.109716842
2	2	0.013015893	0.001166691	0.985817416
2	2	0.058410236	0.003457311	0.938132453
2	2	0.015849447	0.001911589	0.982238964
2	2	0.21508408	0.009011748	0.775904172
2	2	0.008659745	0.000369238	0.990971017
2	0	0.745531292	0.075000675	0.179468034
2	2	0.077638362	0.010706614	0.911655025
2	2	0.006833819	0.060466146	0.932700035
2	0	0.914951487	0.002608489	0.082440024
2	0	0.661723483	0.004507974	0.333768543
2	1	0.001638253	0.91409136	0.084270387
2	2	0.012581318	8.00754E-05	0.987338606
2	2	0.072708082	0.152300043	0.774991875
2	2	0.040731158	0.00438151	0.954887332
2	2	0.107205833	0.003657759	0.889136408
2	2	0.244626823	0.00742486	0.747948316
2	0	0.963659801	0.00120026	0.035139938
2	2	0.069594303	0.008094483	0.922311214
2	2	0.038776129	0.02251552	0.938708351
2	2	0.030042442	0.001977851	0.967979706
2	2	0.028389807	0.001189021	0.970421172
2	2	0.021939765	0.001437206	0.97662303
2	2	0.064511929	0.013667902	0.921820169
2	0	0.832005441	0.003900634	0.164093926
2	0	0.968432426	0.001342292	0.030225281
2	0	0.960312282	0.001418016	0.038269702
2	2	0.029255936	0.005595051	0.965149012
2	2	0.055516219	0.002135232	0.942348549
2	0	0.968058903	0.001414665	0.030526432
2	2	0.025730714	0.001851665	0.972417621
2	2	0.094828244	0.000956636	0.90421512
2	2	0.073812924	0.004289773	0.921897303
2	2	0.1615697	0.004594393	0.833835907
2	2	0.243796983	0.00262252	0.753580496
2	2	0.018548428	0.001615727	0.979835845
2	2	0.080778597	0.002125511	0.917095893
2	2	0.015665215	0.00120351	0.983131274
2	2	0.268116352	0.005251013	0.726632635
2	2	0.009743206	0.000588117	0.989668677
2	2	0.01657596	0.002933081	0.980490959
2	0	0.6359653	0.004991038	0.359043662
2	2	0.015242002	0.002302637	0.982455361
2	2	0.010605257	0.002118588	0.987276155
2	2	0.031647844	0.004179828	0.964172328
2	2	0.024136946	0.098567708	0.877295346
2	2	0.010875538	0.00207906	0.987045402
2	2	0.025035119	0.00216383	0.972801052
2	2	0.264480401	0.003895286	0.731624313
2	2	0.076134585	0.001074551	0.922790865
2	0	0.961215489	0.001877608	0.036906903
2	2	0.358805646	0.007744484	0.63344987
2	2	0.011343461	0.00128987	0.987366669
2	2	0.008575649	0.001204816	0.990219535
2	0	0.827013491	0.001976685	0.171009824
2	0	0.950614336	0.001653358	0.047732306
2	0	0.993339032	0.000264973	0.006395995
2	2	0.469620338	0.008610863	0.521768799
2	0	0.936253491	0.002812816	0.060933692
2	2	0.293500909	0.011312188	0.695186903
2	2	0.006341007	0.000652162	0.993006831
2	2	0.042279109	0.002165157	0.955555733
2	2	0.010921882	0.000598259	0.988479859
2	1	0.011424964	0.922881481	0.065693555
2	2	0.015549161	0.001059934	0.983390905
2	0	0.823112783	0.00407713	0.172810087
2	2	0.007303493	0.001063806	0.991632701
2	2	0.033487064	0.005911852	0.960601084
2	2	0.007665531	0.001810737	0.990523732
2	2	0.048693158	0.002658172	0.948648671
2	2	0.015942703	0.000573442	0.983483855
2	2	0.005929405	0.000779365	0.99329123
2	2	0.069202137	0.006779692	0.924018171
2	2	0.011018245	0.000715161	0.988266594
2	2	0.099808726	0.001755152	0.898436122
2	2	0.026874101	0.005386323	0.967739576
2	2	0.004565245	0.001499411	0.993935344
2	1	0.005989997	0.670545024	0.323464979
2	2	0.012964827	0.001544098	0.985491075
2	2	0.073612002	0.003499808	0.92288819
2	2	0.072835221	0.007968527	0.919196252
2	2	0.049918912	0.002322397	0.947758691
2	2	0.05564197	0.002421622	0.941936408
2	2	0.2951102	0.003861087	0.701028713
2	0	0.52581837	0.008242106	0.465939524
2	0	0.502668469	0.007123013	0.490208517
2	0	0.92487466	0.001399141	0.0737262
2	2	0.015097426	0.002968404	0.98193417
2	2	0.022936472	0.005090257	0.971973271
2	2	0.115074515	0.005050463	0.879875022
2	2	0.009118335	0.000899233	0.989982432
2	2	0.012868958	0.002745101	0.984385941
2	0	0.827334412	0.002357517	0.170308071
2	2	0.017027254	0.000949248	0.982023498
2	2	0.223475875	0.002422266	0.774101859
2	2	0.083090925	0.006917369	0.909991706
2	2	0.022820582	0.004978172	0.972201246
2	2	0.084665006	0.00437192	0.910963074
2	2	0.007500385	0.001063595	0.99143602
2	2	0.009106742	0.000487247	0.990406012
2	2	0.012751892	0.00122517	0.986022938
2	2	0.002712053	0.000332574	0.996955373
2	2	0.010740883	0.001975571	0.987283547
2	2	0.002405276	8.24358E-05	0.997512289
2	2	0.016899261	0.002887728	0.980213011
2	2	0.039275918	0.007822558	0.952901524
2	2	0.020129468	0.000818473	0.979052059
2	2	0.06348385	0.003067876	0.933448273
2	2	0.037563979	0.002520218	0.959915803
2	2	0.473549579	0.046416575	0.480033846
2	0	0.968264891	0.000932306	0.030802803
2	2	0.011864546	0.00105196	0.987083494
2	0	0.780337458	0.003479284	0.216183258
2	2	0.044282961	0.00091888	0.95479816
2	2	0.073687004	0.427701893	0.498611104
2	2	0.152806755	0.012491821	0.834701424
2	2	0.015478912	0.001256184	0.983264904
2	2	0.016529051	0.001246849	0.9822241
2	1	0.003320049	0.790431912	0.206248039
2	2	0.402037698	0.009480583	0.588481718
2	2	0.059794816	0.005511402	0.934693782
2	2	0.012961041	0.001638609	0.98540035
2	2	0.004054471	0.000370768	0.995574761
2	2	0.253748745	0.010829183	0.735422073
2	2	0.067968345	0.010218932	0.921812723
2	0	0.940116725	0.001530668	0.058352607
2	2	0.013062215	0.001955457	0.984982329
2	2	0.007368085	0.000299799	0.992332116
2	2	0.009081026	0.000639536	0.990279438
2	2	0.403444463	0.009371178	0.587184359
2	2	0.004115255	0.001026034	0.994858711
2	2	0.282861491	0.007924485	0.709214024
2	0	0.984373176	0.000561359	0.015065465
2	2	0.032803725	0.024219112	0.942977164
2	2	0.05085151	0.004219471	0.944929019
2	2	0.057345152	0.001612343	0.941042505
2	0	0.873807321	0.011281451	0.114911227
2	0	0.816108313	0.003262348	0.180629339
2	0	0.798399165	0.002121893	0.199478942
2	0	0.956013701	0.00164884	0.042337459
2	2	0.139803706	0.026024524	0.834171769
2	2	0.061222056	0.001755243	0.937022701
2	0	0.808130337	0.001584586	0.190285077
2	2	0.01770155	0.001710614	0.980587836
2	2	0.010178656	0.000921542	0.988899802
2	2	0.14102517	0.00616346	0.852811369
2	2	0.083734455	0.003799808	0.912465737
2	2	0.137789897	0.009235272	0.852974831
2	2	0.026818845	0.001522273	0.971658882
2	2	0.396413838	0.00404855	0.599537612
2	0	0.648277887	0.003994504	0.347727609
2	2	0.299253646	0.004299469	0.696446885
2	0	0.609289566	0.003606341	0.387104093
2	0	0.803294327	0.002771036	0.193934637
2	2	0.013936165	0.001511326	0.98455251
2	2	0.010751989	0.003115503	0.986132508
2	2	0.010114844	0.000677737	0.989207419
2	2	0.038754996	0.002179204	0.9590658
2	2	0.013733039	0.000909468	0.985357493
2	2	0.220892931	0.005721197	0.773385871
2	2	0.055490892	0.007663118	0.93684599
2	2	0.075422637	0.003257329	0.921320034
2	2	0.124952698	0.014786805	0.860260497
2	2	0.009277033	0.005033128	0.985689839
2	2	0.011588912	0.005077143	0.983333945
2	0	0.981675633	0.000749657	0.01757471
2	1	0.001357789	0.567793308	0.430848904
2	2	0.023085349	0.004290049	0.972624601
2	2	0.020496229	0.003817672	0.975686099
2	2	0.066529785	0.005175054	0.928295161
2	2	0.045224552	0.005081163	0.949694285
2	0	0.977336081	0.002098097	0.020565822
2	1	0.006331627	0.895835839	0.097832534
2	2	0.221739283	0.008405635	0.769855082
2	2	0.33777269	0.009882575	0.652344734
2	0	0.917149314	0.009769549	0.073081137
2	0	0.97028412	0.00136696	0.02834892
2	0	0.933807419	0.003202943	0.062989637
2	2	0.098425171	0.001483192	0.900091637
2	0	0.797179475	0.002487753	0.200332772
2	2	0.010775515	0.001428288	0.987796198
2	2	0.028453142	0.087545495	0.884001362
2	0	0.967746529	0.002028446	0.030225024
2	0	0.741416917	0.004067234	0.254515849
2	2	0.143082317	0.002243686	0.854673997
2	2	0.119215538	0.031551878	0.849232584
2	2	0.178479832	0.033537882	0.787982286
2	2	0.025716753	0.000836978	0.973446269
2	0	0.687947403	0.029627779	0.282424818
2	2	0.020388701	0.003495865	0.976115434
2	0	0.567667086	0.00411375	0.428219164
2	0	0.718744346	0.014960385	0.266295269
2	0	0.965861032	0.000850203	0.033288765
2	2	0.013487744	0.001177486	0.98533477
2	2	0.26537241	0.00776739	0.7268602
2	2	0.078778087	0.000521334	0.920700579
2	2	0.147066952	0.017050643	0.835882405
2	2	0.462640809	0.005674321	0.531684869
2	2	0.021350011	0.00285523	0.975794759
2	2	0.031935447	0.004329346	0.963735207
2	2	0.279942748	0.005841485	0.714215767
2	2	0.034000491	0.00624746	0.959752049
2	2	0.131287178	0.002970669	0.865742153
2	2	0.010081474	0.003580131	0.986338395
2	2	0.007704865	0.000861528	0.991433607
2	2	0.030889366	0.003547035	0.9655636
2	2	0.035036038	0.004921814	0.960042148
2	2	0.087931339	0.011022694	0.901045966
2	2	0.029073452	0.002448867	0.968477682
2	2	0.108572282	0.004009699	0.887418019
2	2	0.016220757	0.000403085	0.983376158
2	2	0.008506342	0.136484632	0.855009025
2	2	0.388816515	0.015203225	0.595980261
2	1	0.019139545	0.67590777	0.304952685
2	0	0.713498662	0.023730961	0.262770377
2	2	0.015552848	0.003377189	0.981069963
2	2	0.000776543	0.000180901	0.999042555
2	2	0.133917251	0.001089177	0.864993573
2	2	0.09056093	0.078777143	0.830661927
2	2	0.029583755	0.002809834	0.967606411
2	2	0.038964093	0.129611373	0.831424534
2	2	0.033874883	0.005413922	0.960711194
2	2	0.019358472	0.003989756	0.976651771
2	2	0.074986815	0.012856022	0.912157163
2	2	0.039497041	0.003290126	0.957212833
2	2	0.009381676	0.000862395	0.989755929
2	2	0.023784195	0.002206089	0.974009716
2	2	0.039035661	0.003512316	0.957452023
2	2	0.01653173	0.00147784	0.98199043
2	2	0.378580989	0.006229712	0.615189299
2	2	0.007828215	0.00115204	0.991019745
2	2	0.050914347	0.391484041	0.557601612
2	2	0.007043867	0.000922154	0.992033978
2	1	0.002179211	0.83452507	0.163295719
2	2	0.031358064	0.004275374	0.964366562
2	2	0.111449333	0.010705633	0.877845033
2	2	0.111141058	0.006322408	0.882536534
2	0	0.955130531	0.001117002	0.043752468
2	2	0.130777713	0.012084203	0.857138085
2	2	0.155951722	0.003170364	0.840877914
2	2	0.022710055	0.005239404	0.97205054
2	2	0.012505619	0.000782531	0.98671185
2	2	0.155215915	0.003678544	0.841105541
2	2	0.005648416	0.000910169	0.993441415
2	2	0.148215269	0.028365276	0.823419455
2	0	0.762149719	0.002954245	0.234896036
2	2	0.024068338	0.001165905	0.974765758
2	0	0.966759597	0.001179098	0.032061305
2	2	0.067632923	0.004865137	0.92750194
2	2	0.011496711	0.001413489	0.9870898
2	2	0.105515787	0.004004267	0.890479946
2	2	0.221835322	0.003418614	0.774746063
2	2	0.088310793	0.005849536	0.905839671
2	2	0.167424646	0.116179148	0.716396207
2	2	0.335012731	0.007668864	0.657318404
2	2	0.011693898	0.000815354	0.987490748
2	2	0.051379952	0.004788169	0.943831879
2	0	0.739691571	0.005723802	0.254584627
2	2	0.01149007	0.001003289	0.987506641
2	2	0.153673919	0.003691869	0.842634211
2	2	0.439150222	0.001406834	0.559442944
2	0	0.635201312	0.003703365	0.361095323
2	0	0.786495394	0.004577197	0.208927409
2	2	0.038578396	0.001172798	0.960248806
2	2	0.018557319	0.002900155	0.978542526
2	2	0.013586657	0.002352052	0.984061291
2	0	0.849896647	0.00364886	0.146454493
2	0	0.643200811	0.006475702	0.350323488
2	2	0.080253686	0.007698247	0.912048067
2	2	0.010457207	0.001830504	0.987712288
2	0	0.946089747	0.001926177	0.051984076
2	0	0.745564181	0.002003992	0.252431827
2	2	0.046542633	0.001168205	0.952289162
2	2	0.0190947	0.001436071	0.979469229
2	2	0.161378409	0.0063557	0.832265892
2	2	0.220055491	0.000890992	0.779053518
2	2	0.064181254	0.002813168	0.933005578
2	2	0.20594109	0.009524717	0.784534193
2	2	0.011750709	0.000613923	0.987635369
2	2	0.007480911	0.000686228	0.991832861
2	2	0.014214853	0.001823007	0.98396214
2	2	0.010065342	0.001029937	0.988904721
2	2	0.024118375	0.001430858	0.974450767
2	2	0.02231827	0.003492457	0.974189273
2	2	0.03961841	0.00329496	0.95708663
2	2	0.420269316	0.010721979	0.569008705
2	0	0.905709361	0.00300272	0.091287919
2	2	0.057074183	0.001823489	0.941102328
2	0	0.905104822	0.002048383	0.092846794
2	0	0.955445591	0.00179549	0.04275892
2	2	0.030478778	0.004132699	0.965388523
2	2	0.016493343	0.05909562	0.924411037
2	2	0.067734049	0.007917607	0.924348344
2	2	0.033630927	0.004531016	0.961838057
2	2	0.339937573	0.004520678	0.655541749
2	2	0.033175483	0.000778809	0.966045707
2	2	0.009483745	0.001926643	0.988589612
2	2	0.121644834	0.008083344	0.870271822
2	0	0.547668863	0.004430759	0.447900379
2	2	0.112524958	0.007340266	0.880134776
2	2	0.024721321	0.001614889	0.973663791
2	0	0.950959371	0.001362568	0.04767806
2	2	0.153204231	0.210876336	0.635919433
2	0	0.870548249	0.002624849	0.126826903
2	0	0.677345667	0.005724079	0.316930254
2	2	0.139593457	0.007086803	0.85331974
2	0	0.781884455	0.053517407	0.164598138
2	2	0.211585736	0.002985091	0.785429173
2	2	0.047557448	0.001419406	0.951023147
2	2	0.024240763	0.056805641	0.918953597
2	2	0.021993896	0.005024696	0.972981408
2	2	0.039761426	0.375890259	0.584348316
2	2	0.019511421	0.001029939	0.979458639
2	0	0.966230506	0.001684051	0.032085443
2	2	0.013110799	0.003764203	0.983124997
2	2	0.010266012	0.001777555	0.987956434
2	2	0.179155038	0.010992921	0.809852041
2	2	0.009044292	0.001619851	0.989335857
2	0	0.883875703	0.002724858	0.113399439
2	2	0.010022331	0.001253219	0.98872445
2	0	0.948305264	0.002194549	0.049500188
2	2	0.076446097	0.030465225	0.893088678
2	2	0.005916396	0.000788776	0.993294827
2	2	0.040074788	0.006703618	0.953221594
2	0	0.922301045	0.002173354	0.075525601
2	0	0.957309083	0.001098149	0.041592768
2	0	0.891825273	0.00152283	0.106651897
2	2	0.15266446	0.003850267	0.843485273
2	2	0.009690128	0.000802124	0.989507749
2	2	0.022041587	0.001012812	0.976945601
2	2	0.006942062	0.000982848	0.992075091
2	0	0.971477584	0.001390298	0.027132118
2	2	0.177566948	0.009663421	0.812769631
2	2	0.217433651	0.003190232	0.779376117
2	2	0.092367167	0.010798115	0.896834718
2	2	0.020022994	0.002298097	0.977678909
2	2	0.012522268	0.001130442	0.98634729
2	2	0.006154941	0.001912393	0.991932666
2	2	0.035788744	0.009190161	0.955021095
2	2	0.080249104	0.002908495	0.916842402
2	2	0.021649798	0.021261462	0.957088741
2	2	0.00306212	0.000379845	0.996558036
2	2	0.479325498	0.007313192	0.513361309
2	2	0.003131813	0.000106109	0.996762078
2	2	0.018867624	0.001725208	0.979407168
2	2	0.044543291	0.005932001	0.949524708
2	0	0.525839345	0.007409743	0.466750913
2	2	0.023383248	0.001828909	0.974787843
2	2	0.428316262	0.00835585	0.563327888
2	2	0.117567144	0.004640906	0.87779195
2	2	0.076295432	0.005231055	0.918473513
2	2	0.015678986	0.001014019	0.983306995
2	2	0.025981771	0.000618162	0.973400067
2	2	0.005402672	0.000739925	0.993857402
2	0	0.677336327	0.005927888	0.316735785
2	2	0.007487198	0.000739408	0.991773394
2	0	0.957470943	0.000933416	0.041595641
2	0	0.663487036	0.002890731	0.333622233
2	0	0.860613661	0.007723331	0.131663009
2	2	0.006500758	0.486393892	0.50710535
2	2	0.06362674	0.0467182	0.88965506
2	0	0.937565279	0.001213958	0.061220762
2	2	0.022044702	0.002140998	0.9758143
2	0	0.553734893	0.019776335	0.426488772
2	2	0.206458706	0.005224193	0.788317101
2	2	0.049951026	0.001301143	0.948747831
2	2	0.214638502	0.035224971	0.750136527
2	0	0.713041643	0.006159156	0.2807992
2	2	0.025339341	0.001101924	0.973558735
2	2	0.042172428	0.002774767	0.955052806
2	2	0.098133654	0.006323231	0.895543115
2	2	0.068866241	0.018380054	0.912753705
2	0	0.952140077	0.001431485	0.046428438
2	0	0.9340719	0.001403057	0.064525043
2	2	0.012295594	0.00073311	0.986971296
2	0	0.973402269	0.002075075	0.024522656
2	2	0.067932935	0.007319346	0.924747719
2	2	0.019108422	0.001012507	0.979879072
2	2	0.014954093	0.003641097	0.98140481
2	2	0.021836193	0.001669575	0.976494232
2	2	0.203967666	0.007036152	0.788996182
2	2	0.009058162	0.001277067	0.98966477
2	2	0.027581243	0.00276803	0.969650727
2	0	0.650235297	0.003697047	0.346067656
2	2	0.006717517	0.000493081	0.992789402
2	2	0.02109923	0.002340434	0.976560336
2	2	0.113272895	0.006218321	0.880508784
2	2	0.034428234	0.003126696	0.962445069
2	0	0.657117549	0.003284331	0.33959812
2	1	0.153723388	0.476922882	0.369353731
2	0	0.822604471	0.005484772	0.171910758
2	2	0.021661454	0.001291926	0.97704662
2	2	0.005879388	0.000403351	0.99371726
2	0	0.495893497	0.010686285	0.493420218
2	2	0.010160091	0.000569764	0.989270144
2	2	0.034657698	0.002663444	0.962678858
2	2	0.053107395	0.001390434	0.945502171
2	2	0.442331995	0.003891757	0.553776248
2	0	0.622145303	0.00522928	0.372625417
2	2	0.049414023	0.007804763	0.942781214
2	2	0.030562222	0.001986878	0.9674509
2	2	0.028429807	0.001917339	0.969652855
2	2	0.012410885	0.001670418	0.985918697
2	0	0.976153565	0.001350831	0.022495604
2	2	0.018693647	0.000981752	0.980324601
2	2	0.083188537	0.001184013	0.915627449
2	0	0.92581048	0.002189273	0.072000247
2	0	0.970391466	0.000856757	0.028751777
2	2	0.025216656	0.001568633	0.973214711
2	2	0.032563733	0.162470947	0.80496532
2	2	0.028210183	0.002578178	0.969211639
2	2	0.011384869	0.002586706	0.986028425
2	2	0.05839347	0.0032743	0.93833223
2	2	0.020577238	0.00252158	0.976901183
2	2	0.415866492	0.002893203	0.581240305
2	2	0.006586359	0.001237509	0.992176132
2	2	0.170365735	0.00622982	0.823404445
2	0	0.956802586	0.001234045	0.04196337
2	0	0.72326313	0.006506965	0.270229905
2	0	0.948658788	0.00158431	0.049756902
2	2	0.071070713	0.002835662	0.926093625